679.03 361.59 680.69 360.24
680.69 360.24 797.06 360.22
797.06 360.22 798.94 361.34
798.94 361.34 802.27 377.61
802.27 377.61 802.27 607.06
802.27 607.06 800.96 609.23
800.96 609.23 678.53 609.59
678.53 609.59 675.77 607.93
675.77 607.93 675.47 379.32
675.47 379.32 679.03 361.59
222.39 390.59 235.21 388.27
235.21 388.27 253.44 371.2
253.44 371.2 254.52 364.71
254.52 364.71 259.73 361.37
259.73 361.37 290.41 361.98
290.41 361.98 294.11 365.75
294.11 365.75 294.8 372.09
294.8 372.09 306.65 384.15
306.65 384.15 306.67 363.02
306.67 363.02 309.21 360.22
309.21 360.22 327.75 361.41
327.75 361.41 331.17 366.49
331.17 366.49 330.4 372.03
330.4 372.03 341.65 383.97
341.65 383.97 341.67 363.85
341.67 363.85 343.48 361.64
343.48 361.64 360.26 361.98
360.26 361.98 364 365.09
364 365.09 365.04 369.93
365.04 369.93 393.31 369.93
393.31 369.93 394.28 365.21
394.28 365.21 397.94 362.01
397.94 362.01 414.47 361.49
414.47 361.49 416.66 363.68
416.66 363.68 416.68 383.97
416.68 383.97 427.93 372.03
427.93 372.03 427.16 366.45
427.16 366.45 430.7 361.3
430.7 361.3 450.17 360.63
450.17 360.63 451.66 363.42
451.66 363.42 451.66 510.28
451.66 510.28 451 516.96
451 516.96 448.03 520.39
448.03 520.39 443.92 534.53
443.92 534.53 439.44 537.21
439.44 537.21 417.62 536.55
417.62 536.55 416.55 552.17
416.55 552.17 413.29 557.09
413.29 557.09 408.49 559.78
408.49 559.78 351.71 560.15
351.71 560.15 346.14 558.09
346.14 558.09 341.97 553.01
341.97 553.01 340.59 536.59
340.59 536.59 317.21 536.77
317.21 536.77 314.15 533.71
314.15 533.71 311.16 522.86
311.16 522.86 311.16 563.7
311.16 563.7 309.57 570.75
309.57 570.75 238.74 570.71
238.74 570.71 237.17 563.62
237.17 563.62 237.16 512.42
237.16 512.42 222.6 509.84
222.6 509.84 221.17 508.19
221.17 508.19 221.14 392.43
221.14 392.43 222.39 390.59
2.71 422.34 4.51 402.41
4.51 402.41 7.21 400.37
7.21 400.37 45.59 401.04
45.59 401.04 48.31 404.04
48.31 404.04 51.81 416.94
51.81 416.94 55.18 420.84
55.18 420.84 55.32 425
55.32 425 100.07 425
100.07 425 100.21 420.84
100.21 420.84 103.58 416.94
103.58 416.94 107.1 403.99
107.1 403.99 110 400.88
110 400.88 149.29 401
149.29 401 149.92 371.65
149.92 371.65 152.23 365.82
152.23 365.82 156.49 361.72
156.49 361.72 161.32 360.24
161.32 360.24 194 360.22
194 360.22 199.67 361.95
199.67 361.95 204.38 367.69
204.38 367.69 205.59 375.1
205.59 375.1 205.61 425.45
205.61 425.45 219.25 427.87
219.25 427.87 221.14 430.02
221.14 430.02 220.69 574.77
220.69 574.77 206.68 578.03
206.68 578.03 155.31 578.05
155.31 578.05 155.18 582.19
155.18 582.19 151.81 586.09
151.81 586.09 148.29 599.04
148.29 599.04 145.39 602.15
145.39 602.15 106.1 602.03
106.1 602.03 105.47 631.38
105.47 631.38 103.16 637.21
103.16 637.21 98.9 641.31
98.9 641.31 94.07 642.79
94.07 642.79 61.39 642.81
61.39 642.81 56.25 641.24
56.25 641.24 52.02 636.84
52.02 636.84 49.91 631.13
49.91 631.13 49.31 602.03
49.31 602.03 10.49 602.29
10.49 602.29 7.2 599.31
7.2 599.31 3.47 585.94
3.47 585.94 0 581.92
0 581.92 0.2 427.27
0.2 427.27 2.71 422.34
451.72 382.31 456.96 373.82
456.96 373.82 466.29 373.18
466.29 373.18 467.34 365.95
467.34 365.95 472.74 360.89
472.74 360.89 551.6 360.22
551.6 360.22 558.66 364.69
558.66 364.69 560.48 373.64
560.48 373.64 568.13 373.65
568.13 373.65 570.25 374.84
570.25 374.84 574.79 382.81
574.79 382.81 574.92 387.65
574.92 387.65 660.48 387.65
660.48 387.65 673.5 389.91
673.5 389.91 675.21 391.39
675.21 391.39 675.47 476.39
675.47 476.39 673.9 478.46
673.9 478.46 662.23 480.58
662.23 480.58 662.22 518.12
662.22 518.12 661.1 527.09
661.1 527.09 659.63 528.83
659.63 528.83 573.23 528.99
573.23 528.99 571.37 527.31
571.37 527.31 570.22 518.35
570.22 518.35 570.2 493.23
570.2 493.23 567.81 494.83
567.81 494.83 560.48 494.85
560.48 494.85 558.51 503.38
558.51 503.38 552.54 507.05
552.54 507.05 474.39 507.14
474.39 507.14 468.1 503.78
468.1 503.78 466.05 495.58
466.05 495.58 456.6 494.53
456.6 494.53 451.66 485.49
451.66 485.49 451.72 382.31
943.88 523.02 946.06 521.4
946.06 521.4 998.38 521.53
998.38 521.53 1000 523.71
1000 523.71 999.87 857.03
999.87 857.03 997.86 858.52
997.86 858.52 945.89 858.52
945.89 858.52 943.88 857.03
943.88 857.03 943.75 692.41
943.75 692.41 943.88 523.02
887.63 523.02 889.81 521.4
889.81 521.4 942.13 521.53
942.13 521.53 943.75 523.71
943.75 523.71 943.62 857.03
943.62 857.03 941.61 858.52
941.61 858.52 889.64 858.52
889.64 858.52 887.63 857.03
887.63 857.03 887.5 692.41
887.5 692.41 887.63 523.02
550.1 531.69 555.93 528.99
555.93 528.99 671.64 529.95
671.64 529.95 675.47 536.57
675.47 536.57 674.49 613.06
674.49 613.06 667.8 616.87
667.8 616.87 551.55 615.88
551.55 615.88 548.55 610.95
548.55 610.95 548.53 535.48
548.53 535.48 550.1 531.69
545.83 530.56 548.53 536.39
548.53 536.39 547.57 652.1
547.57 652.1 540.95 655.93
540.95 655.93 464.46 654.95
464.46 654.95 460.65 648.26
460.65 648.26 461.64 532.01
461.64 532.01 466.57 529.01
466.57 529.01 542.04 528.99
542.04 528.99 545.83 530.56
850.78 96.02 852.16 94.33
852.16 94.33 863.55 92.28
863.55 92.28 864.59 56.89
864.59 56.89 868.45 51.65
868.45 51.65 872.97 49.88
872.97 49.88 897.23 49.91
897.23 49.91 901.94 52.38
901.94 52.38 902.29 1.59
902.29 1.59 904.68 0
904.68 0 930.89 0.22
930.89 0.22 932.28 2.3
932.28 2.3 932.28 85.63
932.28 85.63 934.78 88.48
934.78 88.48 935.02 91.71
935.02 91.71 963.7 91.71
963.7 91.71 969.01 77.95
969.01 77.95 972.58 75.21
972.58 75.21 995.14 75.11
995.14 75.11 997.17 76.77
997.17 76.77 997.3 88.53
997.3 88.53 1000 94.58
1000 94.58 999.77 223.41
999.77 223.41 992.99 235.34
992.99 235.34 970.55 235.73
970.55 235.73 969.92 253.53
969.92 253.53 966.16 259.07
966.16 259.07 961.42 260.68
961.42 260.68 938.16 260.7
938.16 260.7 933.75 259.17
933.75 259.17 929.85 254.23
929.85 254.23 928.74 235.88
928.74 235.88 906.1 235.31
906.1 235.31 901.24 223.75
901.24 223.75 899.77 222.13
899.77 222.13 899.54 218.9
899.54 218.9 866.98 218.89
866.98 218.89 852.1 216.26
852.1 216.26 850.75 214.48
850.75 214.48 850.78 96.02
850.78 356.72 852.16 355.03
852.16 355.03 863.55 352.98
863.55 352.98 864.59 317.59
864.59 317.59 868.45 312.35
868.45 312.35 872.97 310.58
872.97 310.58 897.23 310.61
897.23 310.61 901.94 313.08
901.94 313.08 902.29 262.29
902.29 262.29 904.68 260.7
904.68 260.7 930.89 260.92
930.89 260.92 932.28 263
932.28 263 932.28 346.33
932.28 346.33 934.78 349.18
934.78 349.18 935.02 352.41
935.02 352.41 963.7 352.41
963.7 352.41 969.01 338.65
969.01 338.65 972.58 335.91
972.58 335.91 995.14 335.81
995.14 335.81 997.17 337.47
997.17 337.47 997.3 349.23
997.3 349.23 1000 355.28
1000 355.28 999.77 484.11
999.77 484.11 992.99 496.04
992.99 496.04 970.55 496.43
970.55 496.43 969.92 514.23
969.92 514.23 966.16 519.77
966.16 519.77 961.42 521.38
961.42 521.38 938.16 521.4
938.16 521.4 933.75 519.87
933.75 519.87 929.85 514.93
929.85 514.93 928.74 496.58
928.74 496.58 906.1 496.01
906.1 496.01 901.24 484.45
901.24 484.45 899.77 482.83
899.77 482.83 899.54 479.6
899.54 479.6 866.98 479.59
866.98 479.59 852.1 476.96
852.1 476.96 850.75 475.18
850.75 475.18 850.78 356.72
2.83 57.5 5.08 31.97
5.08 31.97 7.77 29.44
7.77 29.44 40.22 30.47
40.22 30.47 42.68 33.67
42.68 33.67 46.85 49.17
46.85 49.17 50.26 53.12
50.26 53.12 50.4 60.26
50.4 60.26 194.13 60.26
194.13 60.26 194.27 53.12
194.27 53.12 197.68 49.17
197.68 49.17 201.87 33.62
201.87 33.62 204.38 30.46
204.38 30.46 235.52 29.53
235.52 29.53 238.21 30.92
238.21 30.92 239.25 9.98
239.25 9.98 242.96 3.93
242.96 3.93 248.79 0.51
248.79 0.51 379.99 0
379.99 0 386.63 1.75
386.63 1.75 391.28 6.05
391.28 6.05 393.6 12.25
393.6 12.25 394.18 60.79
394.18 60.79 407.38 63.14
407.38 63.14 409.1 65.22
409.1 65.22 408.76 297.01
408.76 297.01 395.08 300.3
395.08 300.3 244.4 300.3
244.4 300.3 244.26 307.43
244.26 307.43 240.85 311.38
240.85 311.38 236.66 326.93
236.66 326.93 234.15 330.09
234.15 330.09 203 331.02
203 331.02 200.4 329.67
200.4 329.67 199.2 351.12
199.2 351.12 194.83 357.38
194.83 357.38 189.04 360.05
189.04 360.05 57.29 360.22
57.29 360.22 52.02 358.82
52.02 358.82 47.68 354.96
47.68 354.96 45.13 349.43
45.13 349.43 44.35 329.56
44.35 329.56 42.12 330.71
42.12 330.71 10.83 330.13
10.83 330.13 7.99 327.29
7.99 327.29 3.66 311.5
3.66 311.5 0 307.04
0 307.04 0.27 62.53
0.27 62.53 2.83 57.5
411.93 57.5 414.18 31.97
414.18 31.97 416.87 29.44
416.87 29.44 449.32 30.47
449.32 30.47 451.78 33.67
451.78 33.67 455.95 49.17
455.95 49.17 459.36 53.12
459.36 53.12 459.5 60.26
459.5 60.26 603.23 60.26
603.23 60.26 603.37 53.12
603.37 53.12 606.78 49.17
606.78 49.17 610.97 33.62
610.97 33.62 613.48 30.46
613.48 30.46 644.62 29.53
644.62 29.53 647.31 30.92
647.31 30.92 648.35 9.98
648.35 9.98 652.06 3.93
652.06 3.93 657.89 0.51
657.89 0.51 789.09 0
789.09 0 795.73 1.75
795.73 1.75 800.38 6.05
800.38 6.05 802.7 12.25
802.7 12.25 803.28 60.79
803.28 60.79 816.48 63.14
816.48 63.14 818.2 65.22
818.2 65.22 817.86 297.01
817.86 297.01 804.18 300.3
804.18 300.3 653.5 300.3
653.5 300.3 653.36 307.43
653.36 307.43 649.95 311.38
649.95 311.38 645.76 326.93
645.76 326.93 643.25 330.09
643.25 330.09 612.1 331.02
612.1 331.02 609.5 329.67
609.5 329.67 608.3 351.12
608.3 351.12 603.93 357.38
603.93 357.38 598.14 360.05
598.14 360.05 466.39 360.22
466.39 360.22 461.12 358.82
461.12 358.82 456.78 354.96
456.78 354.96 454.23 349.43
454.23 349.43 453.45 329.56
453.45 329.56 451.22 330.71
451.22 330.71 419.93 330.13
419.93 330.13 417.09 327.29
417.09 327.29 412.76 311.5
412.76 311.5 409.1 307.04
409.1 307.04 409.37 62.53
409.37 62.53 411.93 57.5
121.67 63.43 121.67 63.43
