0.18 1.67 2.36 0.05
2.36 0.05 54.68 0.18
54.68 0.18 56.3 2.36
56.3 2.36 56.17 335.68
56.17 335.68 54.16 337.17
54.16 337.17 2.19 337.17
2.19 337.17 0.18 335.68
0.18 335.68 0.05 171.06
0.05 171.06 0.18 1.67
35.29 17.58 41.08 23.67
41.08 23.67 41.97 34.89
41.97 34.89 72.18 50.7
72.18 50.7 72.18 2.42
72.18 2.42 73.34 0.25
73.34 0.25 85.55 -0.22
85.55 -0.22 91.58 2
91.58 2 95.44 7.24
95.44 7.24 96.03 16.18
96.03 16.18 125.34 16.18
125.34 16.18 125.89 7.41
125.89 7.41 129.5 2.24
129.5 2.24 134.48 0.18
134.48 0.18 147.58 0.15
147.58 0.15 149.18 2.1
149.18 2.1 149.18 50.7
149.18 50.7 178.93 35.13
178.93 35.13 180.51 23.31
180.51 23.31 184.96 18.81
184.96 18.81 190.91 16.85
190.91 16.85 221.05 17.49
221.05 17.49 222.1 42.64
222.1 42.64 233.67 19.01
233.67 19.01 234.03 7.91
234.03 7.91 237.48 2.28
237.48 2.28 242.92 0.15
242.92 0.15 266.25 0.18
266.25 0.18 271.24 1.88
271.24 1.88 275.28 7.36
275.28 7.36 275.75 18.74
275.75 18.74 293.78 52.89
293.78 52.89 307.31 55.32
307.31 55.32 308.77 57.14
308.77 57.14 308.67 116.04
308.67 116.04 307.15 117.6
307.15 117.6 293.58 120.03
293.58 120.03 293.58 193.78
293.58 193.78 291.79 201.44
291.79 201.44 286.46 206.57
286.46 206.57 281.29 208.23
281.29 208.23 228.46 208.26
228.46 208.26 223.39 206.85
223.39 206.85 218.53 202.53
218.53 202.53 215.87 196.03
215.87 196.03 215.24 154.44
215.24 154.44 213.17 156.02
213.17 156.02 157.21 155.43
157.21 155.43 152.45 150.54
152.45 150.54 143.08 120.47
143.08 120.47 78.27 120.47
78.27 120.47 69.02 150.2
69.02 150.2 64.28 155.46
64.28 155.46 5.69 155.61
5.69 155.61 1.48 121.03
1.48 121.03 0.18 118.1
0.18 118.1 0.18 19.18
0.18 19.18 2.83 16.53
2.83 16.53 35.29 17.58
0.18 32.36 2.13 29.97
2.13 29.97 6.65 18.44
6.65 18.44 22.42 17.72
22.42 17.72 23.82 6.43
23.82 6.43 29.87 0.2
29.87 0.2 96.72 -0.14
96.72 -0.14 103.43 6
103.43 6 105.1 18.29
105.1 18.29 118.7 18.31
118.7 18.31 121.32 19.67
121.32 19.67 124.3 29.05
124.3 29.05 127.14 32.23
127.14 32.23 127.34 36.43
127.34 36.43 200.93 36.43
200.93 36.43 213.96 38.7
213.96 38.7 215.67 40.18
215.67 40.18 215.91 137.05
215.91 137.05 214.36 139.1
214.36 139.1 204.12 140.97
204.12 140.97 203.42 168.1
203.42 168.1 200.85 173.6
200.85 173.6 195.58 177.71
195.58 177.71 129.63 178.05
129.63 178.05 122.92 171.91
122.92 171.91 121.25 159.62
121.25 159.62 107.65 159.6
107.65 159.6 105.03 158.24
105.03 158.24 102.03 148.8
102.03 148.8 99.22 145.7
99.22 145.7 98.99 141.47
98.99 141.47 28.36 141.47
28.36 141.47 28.13 145.7
28.13 145.7 25.9 148.16
25.9 148.16 21.82 159.43
21.82 159.43 5.22 160.38
5.22 160.38 2.7 157.85
2.7 157.85 2.64 144.65
2.64 144.65 0.12 138.98
0.12 138.98 0.18 32.36
-2.82 5.27 -1.63 3.48
-1.63 3.48 14.88 0.18
14.88 0.18 350.59 0.18
350.59 0.18 352.67 1.57
352.67 1.57 352.9 137.75
352.9 137.75 351.28 140.18
351.28 140.18 16.03 140.4
16.03 140.4 -1.5 136.95
-1.5 136.95 -2.82 135.16
-2.82 135.16 -2.82 5.27
-1.52 89.35 14.86 86.45
14.86 86.45 82.09 86.44
82.09 86.44 91.21 57.28
91.21 57.28 95.94 52.23
95.94 52.23 150.51 51.54
150.51 51.54 152.82 53.18
152.82 53.18 153.38 12.76
153.38 12.76 155.75 6.34
155.75 6.34 160.47 1.76
160.47 1.76 167.35 -0.32
167.35 -0.32 219.19 0.22
219.19 0.22 225.86 4.35
225.86 4.35 229.5 11.56
229.5 11.56 230.22 53.09
230.22 53.09 231.5 52.18
231.5 52.18 286.08 52.19
286.08 52.19 289.98 54.9
289.98 54.9 296.12 77.52
296.12 77.52 299.75 82.5
299.75 82.5 299.73 142.47
299.73 142.47 297.17 147.95
297.17 147.95 294.52 177.64
294.52 177.64 291.95 179.62
291.95 179.62 237.05 179.04
237.05 179.04 232.29 174.14
232.29 174.14 223.12 144.81
223.12 144.81 159.8 144.81
159.8 144.81 150.68 173.98
150.68 173.98 145.95 179.03
145.95 179.03 91.38 179.72
91.38 179.72 89.08 178.09
89.08 178.09 88.51 218.5
88.51 218.5 86.14 224.92
86.14 224.92 81.42 229.5
81.42 229.5 74.54 231.58
74.54 231.58 22.59 231.04
22.59 231.04 15.66 226.6
15.66 226.6 12.32 219.07
12.32 219.07 11.74 144.26
11.74 144.26 -1.38 141.94
-1.38 141.94 -2.82 140.3
-2.82 140.3 -2.85 91.14
-2.85 91.14 -1.52 89.35
-2.83 40.63 -1.59 38.82
-1.59 38.82 11.84 36.44
11.84 36.44 79.49 36.44
79.49 36.44 79.72 32.21
79.72 32.21 82.36 29.29
82.36 29.29 85.58 19.58
85.58 19.58 88.23 18.31
88.23 18.31 101.33 18.29
101.33 18.29 103.51 5.96
103.51 5.96 108.36 1.36
108.36 1.36 115.28 -0.55
115.28 -0.55 170.81 0.24
170.81 0.24 177.07 6.18
177.07 6.18 178.53 17.73
178.53 17.73 194.2 18.44
194.2 18.44 198.82 30.23
198.82 30.23 200.67 32.28
200.67 32.28 200.9 108.6
200.9 108.6 198.21 114.65
198.21 114.65 198.15 127.68
198.15 127.68 196.13 130.14
196.13 130.14 179.09 129.49
179.09 129.49 174.79 117.98
174.79 117.98 172.72 115.7
172.72 115.7 172.49 111.47
172.49 111.47 107.86 111.47
107.86 111.47 107.63 115.7
107.63 115.7 104.82 118.8
104.82 118.8 101.82 128.24
101.82 128.24 99.2 129.6
99.2 129.6 85.6 129.62
85.6 129.62 84.08 141.67
84.08 141.67 77.88 147.67
77.88 147.67 20.87 148.51
20.87 148.51 13.64 145.59
13.64 145.59 9.54 139.55
9.54 139.55 8.63 110.95
8.63 110.95 -1.59 109.09
-1.59 109.09 -2.82 107.29
-2.82 107.29 -2.83 40.63
0.18 44.33 2.33 39.52
2.33 39.52 2.86 29.22
2.86 29.22 5.1 27.88
5.1 27.88 27.75 27.98
27.75 27.98 30.91 30.35
30.91 30.35 35.97 41.97
35.97 41.97 59.06 41.97
59.06 41.97 66.36 28.02
66.36 28.02 89.38 27.59
89.38 27.59 89.99 7.47
89.99 7.47 93.82 1.67
93.82 1.67 98.79 0.15
98.79 0.15 116.76 0.18
116.76 0.18 121.65 1.77
121.65 1.77 125.48 7.73
125.48 7.73 125.98 42.45
125.98 42.45 137.84 44.6
137.84 44.6 139.54 46.8
139.54 46.8 139.17 189.12
139.17 189.12 126.84 192.15
126.84 192.15 96.29 192.16
96.29 192.16 88.99 206.1
88.99 206.1 66.2 206.53
66.2 206.53 65.21 227.21
65.21 227.21 61.34 232.39
61.34 232.39 56.75 233.98
56.75 233.98 38.36 233.94
38.36 233.94 33.46 232.1
33.46 232.1 29.97 226.42
29.97 226.42 29.41 206.5
29.41 206.5 6.57 206.11
6.57 206.11 0.18 194.91
0.18 194.91 0.18 44.33
0.18 30.81 6.74 18.42
6.74 18.42 22.58 17.75
22.58 17.75 23.61 7.55
23.61 7.55 27.41 2.11
27.41 2.11 33.29 -0.03
33.29 -0.03 99.01 0.18
99.01 0.18 103.54 2.16
103.54 2.16 107.44 6.59
107.44 6.59 109.27 18.29
109.27 18.29 122.91 18.31
122.91 18.31 125.54 19.6
125.54 19.6 128.41 28.21
128.41 28.21 131.14 31.22
131.14 31.22 131.37 36.44
131.37 36.44 211.44 36.44
211.44 36.44 223.66 39.14
223.66 39.14 224.39 204.59
224.39 204.59 222.72 208.01
222.72 208.01 210.32 210.47
210.32 210.47 131.37 210.47
131.37 210.47 131.14 215.69
131.14 215.69 128.47 218.64
128.47 218.64 125.52 227.34
125.52 227.34 122.89 228.6
122.89 228.6 109.5 228.62
109.5 228.62 107.22 241.05
107.22 241.05 102.4 245.54
102.4 245.54 96.27 247.27
96.27 247.27 30.34 246.7
30.34 246.7 23.93 241
23.93 241 22.33 229.19
22.33 229.19 6.7 228.48
6.7 228.48 0.16 215.78
0.16 215.78 0.18 30.81
0.18 30.81 6.74 18.42
6.74 18.42 22.58 17.75
22.58 17.75 23.61 7.55
23.61 7.55 27.41 2.11
27.41 2.11 33.29 -0.03
33.29 -0.03 99.01 0.18
99.01 0.18 103.54 2.16
103.54 2.16 107.44 6.59
107.44 6.59 109.27 18.29
109.27 18.29 122.91 18.31
122.91 18.31 125.54 19.6
125.54 19.6 128.41 28.21
128.41 28.21 131.14 31.22
131.14 31.22 131.37 36.44
131.37 36.44 211.44 36.44
211.44 36.44 223.66 39.14
223.66 39.14 224.39 204.59
224.39 204.59 222.72 208.01
222.72 208.01 210.32 210.47
210.32 210.47 131.37 210.47
131.37 210.47 131.14 215.69
131.14 215.69 128.47 218.64
128.47 218.64 125.52 227.34
125.52 227.34 122.89 228.6
122.89 228.6 109.5 228.62
109.5 228.62 107.22 241.05
107.22 241.05 102.4 245.54
102.4 245.54 96.27 247.27
96.27 247.27 30.34 246.7
30.34 246.7 23.93 241
23.93 241 22.33 229.19
22.33 229.19 6.7 228.48
6.7 228.48 0.16 215.78
0.16 215.78 0.18 30.81
0.18 30.81 6.74 18.42
6.74 18.42 22.58 17.75
22.58 17.75 23.61 7.55
23.61 7.55 27.41 2.11
27.41 2.11 33.29 -0.03
33.29 -0.03 99.01 0.18
99.01 0.18 103.54 2.16
103.54 2.16 107.44 6.59
107.44 6.59 109.27 18.29
109.27 18.29 122.91 18.31
122.91 18.31 125.54 19.6
125.54 19.6 128.41 28.21
128.41 28.21 131.14 31.22
131.14 31.22 131.37 36.44
131.37 36.44 211.44 36.44
211.44 36.44 223.66 39.14
223.66 39.14 224.39 204.59
224.39 204.59 222.72 208.01
222.72 208.01 210.32 210.47
210.32 210.47 131.37 210.47
131.37 210.47 131.14 215.69
131.14 215.69 128.47 218.64
128.47 218.64 125.52 227.34
125.52 227.34 122.89 228.6
122.89 228.6 109.5 228.62
109.5 228.62 107.22 241.05
107.22 241.05 102.4 245.54
102.4 245.54 96.27 247.27
96.27 247.27 30.34 246.7
30.34 246.7 23.93 241
23.93 241 22.33 229.19
22.33 229.19 6.7 228.48
6.7 228.48 0.16 215.78
0.16 215.78 0.18 30.81
0.18 30.81 6.74 18.42
6.74 18.42 22.58 17.75
22.58 17.75 23.61 7.55
23.61 7.55 27.41 2.11
27.41 2.11 33.29 -0.03
33.29 -0.03 99.01 0.18
99.01 0.18 103.54 2.16
103.54 2.16 107.44 6.59
107.44 6.59 109.27 18.29
109.27 18.29 122.91 18.31
122.91 18.31 125.54 19.6
125.54 19.6 128.41 28.21
128.41 28.21 131.14 31.22
131.14 31.22 131.37 36.44
131.37 36.44 211.44 36.44
211.44 36.44 223.66 39.14
223.66 39.14 224.39 204.59
224.39 204.59 222.72 208.01
222.72 208.01 210.32 210.47
210.32 210.47 131.37 210.47
131.37 210.47 131.14 215.69
131.14 215.69 128.47 218.64
128.47 218.64 125.52 227.34
125.52 227.34 122.89 228.6
122.89 228.6 109.5 228.62
109.5 228.62 107.22 241.05
107.22 241.05 102.4 245.54
102.4 245.54 96.27 247.27
96.27 247.27 30.34 246.7
30.34 246.7 23.93 241
23.93 241 22.33 229.19
22.33 229.19 6.7 228.48
6.7 228.48 0.16 215.78
0.16 215.78 0.18 30.81
0.18 30.81 6.74 18.42
6.74 18.42 22.58 17.75
22.58 17.75 23.61 7.55
23.61 7.55 27.41 2.11
27.41 2.11 33.29 -0.03
33.29 -0.03 99.01 0.18
99.01 0.18 103.54 2.16
103.54 2.16 107.44 6.59
107.44 6.59 109.27 18.29
109.27 18.29 122.91 18.31
122.91 18.31 125.54 19.6
125.54 19.6 128.41 28.21
128.41 28.21 131.14 31.22
131.14 31.22 131.37 36.44
131.37 36.44 211.44 36.44
211.44 36.44 223.66 39.14
223.66 39.14 224.39 204.59
224.39 204.59 222.72 208.01
222.72 208.01 210.32 210.47
210.32 210.47 131.37 210.47
131.37 210.47 131.14 215.69
131.14 215.69 128.47 218.64
128.47 218.64 125.52 227.34
125.52 227.34 122.89 228.6
122.89 228.6 109.5 228.62
109.5 228.62 107.22 241.05
107.22 241.05 102.4 245.54
102.4 245.54 96.27 247.27
96.27 247.27 30.34 246.7
30.34 246.7 23.93 241
23.93 241 22.33 229.19
22.33 229.19 6.7 228.48
6.7 228.48 0.16 215.78
0.16 215.78 0.18 30.81
154.43 104.2 154.43 104.2
