7.39535 11.2739 17.3954 11.2739
17.3954 11.2739 17.3954 21.2739
17.3954 21.2739 7.39535 21.2739
7.39535 21.2739 7.39535 11.2739
8.07188 8.87489 18.0719 8.87489
18.0719 8.87489 18.0719 18.8749
18.0719 18.8749 8.07188 18.8749
8.07188 18.8749 8.07188 8.87489
31.6965 11.7503 31.6965 25.7503
31.6965 25.7503 22.6965 25.7503
22.6965 25.7503 22.6965 11.7503
22.6965 11.7503 31.6965 11.7503
21.7566 1.49475 21.7566 15.4947
21.7566 15.4947 14.7566 8.49475
14.7566 8.49475 21.7566 1.49475
20.4943 3.08852 29.4943 3.08852
29.4943 3.08852 20.4943 17.0885
20.4943 17.0885 20.4943 3.08852
18.6692 16.8665 32.6692 16.8665
32.6692 16.8665 32.6692 30.8665
32.6692 30.8665 18.6692 30.8665
18.6692 30.8665 18.6692 16.8665
36.2666 0.366604 32.2666 10.3666
32.2666 10.3666 27.2666 10.3666
27.2666 10.3666 27.2666 0.366604
27.2666 0.366604 36.2666 0.366604
27.0257 28.474 32.0257 28.474
32.0257 28.474 32.0257 37.474
32.0257 37.474 27.0257 37.474
27.0257 37.474 27.0257 28.474
26.2074 22.6468 40.2074 22.6468
40.2074 22.6468 40.2074 36.6468
40.2074 36.6468 26.2074 22.6468
18.0299 22.9887 28.0299 22.9887
28.0299 22.9887 28.0299 32.9887
28.0299 32.9887 18.0299 36.9887
18.0299 36.9887 18.0299 22.9887
18.3759 16.8939 22.3759 8.89387
22.3759 8.89387 26.3759 16.8939
26.3759 16.8939 18.3759 16.8939
34.461 1.56877 34.461 15.5688
34.461 15.5688 22.461 8.56877
22.461 8.56877 34.461 1.56877
0 0 0 0
