384.12 416.19 422.05 373.09
422.05 373.09 419.38 377.4
419.38 377.4 419.94 411.07
419.94 411.07 390.83 412.03
384.12 416.19 390.83 412.03
384.12 416.19 384.12 416.19
422.05 373.09 439.3 365.87
439.3 365.87 434.54 369.55
422.05 373.09 434.54 369.55
422.05 373.09 422.05 373.09
482.7 366.18 505.56 370.32
505.56 370.32 487.62 368.69
482.7 366.18 487.62 368.69
482.7 366.18 482.7 366.18
507.59 373.03 545.85 515.32
545.85 515.32 543.4 508.58
543.4 508.58 535.93 503.95
535.93 503.95 506.98 503.28
506.98 503.28 506.96 467.67
506.96 467.67 502.77 463.6
502.77 463.6 484.96 457.26
484.96 457.26 484.96 418.09
484.96 418.09 502.64 411.79
502.64 411.79 506.91 407.78
507.59 373.03 506.91 407.78
507.59 373.03 507.59 373.03
535.27 555.48 480.59 570.67
480.59 570.67 482.11 569.1
482.11 569.1 484.4 556.2
535.27 555.48 484.4 556.2
535.27 555.48 535.27 555.48
444.79 569.2 383.49 458.77
383.49 458.77 390.96 463.4
390.96 463.4 419.91 464.07
419.91 464.07 419.93 499.68
419.93 499.68 424.13 503.75
424.13 503.75 441.91 510.09
441.91 510.09 441.93 552.99
444.79 569.2 441.93 552.99
444.79 569.2 444.79 569.2
