158.113 639.87 156.493 637.69
156.493 637.69 156.623 585.37
156.623 585.37 158.803 583.75
158.803 583.75 492.123 583.88
492.123 583.88 493.613 585.89
493.613 585.89 493.613 637.86
493.613 637.86 492.123 639.87
492.123 639.87 327.503 640
327.503 640 158.113 639.87
325.058 611.935 325.058 611.935
635.48 17.8 641.27 23.89
641.27 23.89 642.16 35.11
642.16 35.11 672.37 50.92
672.37 50.92 672.37 2.64
672.37 2.64 673.53 0.47
673.53 0.47 685.74 0
685.74 0 691.77 2.22
691.77 2.22 695.63 7.46
695.63 7.46 696.22 16.4
696.22 16.4 725.53 16.4
725.53 16.4 726.08 7.63
726.08 7.63 729.69 2.46
729.69 2.46 734.67 0.4
734.67 0.4 747.77 0.37
747.77 0.37 749.37 2.32
749.37 2.32 749.37 50.92
749.37 50.92 779.12 35.35
779.12 35.35 780.7 23.53
780.7 23.53 785.15 19.03
785.15 19.03 791.1 17.07
791.1 17.07 821.24 17.71
821.24 17.71 822.29 42.86
822.29 42.86 833.86 19.23
833.86 19.23 834.22 8.13
834.22 8.13 837.67 2.5
837.67 2.5 843.11 0.37
843.11 0.37 866.44 0.4
866.44 0.4 871.43 2.1
871.43 2.1 875.47 7.58
875.47 7.58 875.94 18.96
875.94 18.96 893.97 53.11
893.97 53.11 907.5 55.54
907.5 55.54 908.96 57.36
908.96 57.36 908.86 116.26
908.86 116.26 907.34 117.82
907.34 117.82 893.77 120.25
893.77 120.25 893.77 194
893.77 194 891.98 201.66
891.98 201.66 886.65 206.79
886.65 206.79 881.48 208.45
881.48 208.45 828.65 208.48
828.65 208.48 823.58 207.07
823.58 207.07 818.72 202.75
818.72 202.75 816.06 196.25
816.06 196.25 815.43 154.66
815.43 154.66 813.36 156.24
813.36 156.24 757.4 155.65
757.4 155.65 752.64 150.76
752.64 150.76 743.27 120.69
743.27 120.69 678.46 120.69
678.46 120.69 669.21 150.42
669.21 150.42 664.47 155.68
664.47 155.68 605.88 155.83
605.88 155.83 601.67 121.25
601.67 121.25 600.37 118.32
600.37 118.32 600.37 19.4
600.37 19.4 603.02 16.75
603.02 16.75 635.48 17.8
754.62 104.42 754.62 104.42
460.004 532.337 458.054 534.727
458.054 534.727 453.534 546.257
453.534 546.257 437.764 546.977
437.764 546.977 436.364 558.267
436.364 558.267 430.314 564.497
430.314 564.497 363.464 564.837
363.464 564.837 356.754 558.697
356.754 558.697 355.084 546.407
355.084 546.407 341.484 546.387
341.484 546.387 338.864 545.027
338.864 545.027 335.884 535.647
335.884 535.647 333.044 532.467
333.044 532.467 332.844 528.267
332.844 528.267 259.254 528.267
259.254 528.267 246.224 525.997
246.224 525.997 244.514 524.517
244.514 524.517 244.274 427.647
244.274 427.647 245.824 425.597
245.824 425.597 256.064 423.727
256.064 423.727 256.764 396.597
256.764 396.597 259.334 391.097
259.334 391.097 264.604 386.987
264.604 386.987 330.554 386.647
330.554 386.647 337.264 392.787
337.264 392.787 338.934 405.077
338.934 405.077 352.534 405.097
352.534 405.097 355.154 406.457
355.154 406.457 358.154 415.897
358.154 415.897 360.964 418.997
360.964 418.997 361.194 423.227
361.194 423.227 431.824 423.227
431.824 423.227 432.054 418.997
432.054 418.997 434.284 416.537
434.284 416.537 438.364 405.267
438.364 405.267 454.964 404.317
454.964 404.317 457.484 406.847
457.484 406.847 457.544 420.047
457.544 420.047 460.064 425.717
460.064 425.717 460.004 532.337
352.074 475.747 352.074 475.747
241.493 5.50982 242.683 3.71982
242.683 3.71982 259.193 0.419825
259.193 0.419825 594.903 0.419825
594.903 0.419825 596.983 1.80982
596.983 1.80982 597.213 137.99
597.213 137.99 595.593 140.42
595.593 140.42 260.343 140.64
260.343 140.64 242.813 137.19
242.813 137.19 241.493 135.4
241.493 135.4 241.493 5.50982
419.243 70.4198 419.243 70.4198
565.063 145.222 567.963 161.602
567.963 161.602 567.973 228.832
567.973 228.832 597.133 237.952
597.133 237.952 602.183 242.682
602.183 242.682 602.873 297.252
602.873 297.252 601.233 299.562
601.233 299.562 641.653 300.122
641.653 300.122 648.073 302.492
648.073 302.492 652.653 307.212
652.653 307.212 654.733 314.092
654.733 314.092 654.193 365.932
654.193 365.932 650.063 372.602
650.063 372.602 642.853 376.242
642.853 376.242 601.323 376.962
601.323 376.962 602.233 378.242
602.233 378.242 602.223 432.822
602.223 432.822 599.513 436.722
599.513 436.722 576.893 442.862
576.893 442.862 571.913 446.492
571.913 446.492 511.943 446.472
511.943 446.472 506.463 443.912
506.463 443.912 476.773 441.262
476.773 441.262 474.793 438.692
474.793 438.692 475.373 383.792
475.373 383.792 480.273 379.032
480.273 379.032 509.603 369.862
509.603 369.862 509.603 306.542
509.603 306.542 480.433 297.422
480.433 297.422 475.383 292.692
475.383 292.692 474.693 238.122
474.693 238.122 476.323 235.822
476.323 235.822 435.913 235.252
435.913 235.252 429.493 232.882
429.493 232.882 424.913 228.162
424.913 228.162 422.833 221.282
422.833 221.282 423.373 169.332
423.373 169.332 427.813 162.402
427.813 162.402 435.343 159.062
435.343 159.062 510.153 158.482
510.153 158.482 512.473 145.362
512.473 145.362 514.113 143.922
514.113 143.922 563.273 143.892
563.273 143.892 565.063 145.222
538.783 295.192 538.783 295.192
478.969 479.278 480.209 477.468
480.209 477.468 493.639 475.088
493.639 475.088 561.289 475.088
561.289 475.088 561.519 470.858
561.519 470.858 564.159 467.938
564.159 467.938 567.379 458.228
567.379 458.228 570.029 456.958
570.029 456.958 583.129 456.938
583.129 456.938 585.309 444.608
585.309 444.608 590.159 440.008
590.159 440.008 597.079 438.098
597.079 438.098 652.609 438.888
652.609 438.888 658.869 444.828
658.869 444.828 660.329 456.378
660.329 456.378 675.999 457.088
675.999 457.088 680.619 468.878
680.619 468.878 682.469 470.928
682.469 470.928 682.699 547.248
682.699 547.248 680.009 553.298
680.009 553.298 679.949 566.328
679.949 566.328 677.929 568.788
677.929 568.788 660.889 568.138
660.889 568.138 656.589 556.628
656.589 556.628 654.519 554.348
654.519 554.348 654.289 550.118
654.289 550.118 589.659 550.118
589.659 550.118 589.429 554.348
589.429 554.348 586.619 557.448
586.619 557.448 583.619 566.888
583.619 566.888 580.999 568.248
580.999 568.248 567.399 568.268
567.399 568.268 565.879 580.318
565.879 580.318 559.679 586.318
559.679 586.318 502.669 587.158
502.669 587.158 495.439 584.238
495.439 584.238 491.339 578.198
491.339 578.198 490.429 549.598
490.429 549.598 480.209 547.738
480.209 547.738 478.979 545.938
478.979 545.938 478.969 479.278
580.719 512.598 580.719 512.598
197.105 0.551902 201.915 2.7019
201.915 2.7019 212.215 3.2319
212.215 3.2319 213.555 5.4719
213.555 5.4719 213.455 28.1219
213.455 28.1219 211.085 31.2819
211.085 31.2819 199.465 36.3419
199.465 36.3419 199.465 59.4319
199.465 59.4319 213.415 66.7319
213.415 66.7319 213.845 89.7519
213.845 89.7519 233.965 90.3619
233.965 90.3619 239.765 94.1919
239.765 94.1919 241.285 99.1619
241.285 99.1619 241.255 117.132
241.255 117.132 239.665 122.022
239.665 122.022 233.705 125.852
233.705 125.852 198.985 126.352
198.985 126.352 196.835 138.212
196.835 138.212 194.635 139.912
194.635 139.912 52.315 139.542
52.315 139.542 49.285 127.212
49.285 127.212 49.275 96.6619
49.275 96.6619 35.335 89.3619
35.335 89.3619 34.905 66.5719
34.905 66.5719 14.225 65.5819
14.225 65.5819 9.045 61.7119
9.045 61.7119 7.455 57.1219
7.455 57.1219 7.495 38.7319
7.495 38.7319 9.335 33.8319
9.335 33.8319 15.015 30.3419
15.015 30.3419 34.935 29.7819
34.935 29.7819 35.325 6.9419
35.325 6.9419 46.525 0.551902
46.525 0.551902 197.105 0.551902
124.19 70.2269 124.19 70.2269
656.452 204.12 663.012 191.73
663.012 191.73 678.852 191.06
678.852 191.06 679.882 180.86
679.882 180.86 683.682 175.42
683.682 175.42 689.562 173.28
689.562 173.28 755.282 173.49
755.282 173.49 759.812 175.47
759.812 175.47 763.712 179.9
763.712 179.9 765.542 191.6
765.542 191.6 779.182 191.62
779.182 191.62 781.812 192.91
781.812 192.91 784.682 201.52
784.682 201.52 787.412 204.53
787.412 204.53 787.642 209.75
787.642 209.75 867.712 209.75
867.712 209.75 879.932 212.45
879.932 212.45 880.662 377.9
880.662 377.9 878.992 381.32
878.992 381.32 866.592 383.78
866.592 383.78 787.642 383.78
787.642 383.78 787.412 389
787.412 389 784.742 391.95
784.742 391.95 781.792 400.65
781.792 400.65 779.162 401.91
779.162 401.91 765.772 401.93
765.772 401.93 763.492 414.36
763.492 414.36 758.672 418.85
758.672 418.85 752.542 420.58
752.542 420.58 686.612 420.01
686.612 420.01 680.202 414.31
680.202 414.31 678.602 402.5
678.602 402.5 662.972 401.79
662.972 401.79 656.432 389.09
656.432 389.09 656.452 204.12
768.202 296.77 768.202 296.77
242.77 385.28 230.38 378.72
230.38 378.72 229.71 362.88
229.71 362.88 219.51 361.85
219.51 361.85 214.07 358.05
214.07 358.05 211.93 352.17
211.93 352.17 212.14 286.45
212.14 286.45 214.12 281.92
214.12 281.92 218.55 278.02
218.55 278.02 230.25 276.19
230.25 276.19 230.27 262.55
230.27 262.55 231.56 259.92
231.56 259.92 240.17 257.05
240.17 257.05 243.18 254.32
243.18 254.32 248.4 254.09
248.4 254.09 248.4 174.02
248.4 174.02 251.1 161.8
251.1 161.8 416.55 161.07
416.55 161.07 419.97 162.74
419.97 162.74 422.43 175.14
422.43 175.14 422.43 254.09
422.43 254.09 427.65 254.32
427.65 254.32 430.6 256.99
430.6 256.99 439.3 259.94
439.3 259.94 440.56 262.57
440.56 262.57 440.58 275.96
440.58 275.96 453.01 278.24
453.01 278.24 457.5 283.06
457.5 283.06 459.23 289.19
459.23 289.19 458.66 355.12
458.66 355.12 452.96 361.53
452.96 361.53 441.15 363.13
441.15 363.13 440.44 378.76
440.44 378.76 427.74 385.3
427.74 385.3 242.77 385.28
335.235 273.025 335.235 273.025
216.46 146.821 228.85 153.381
228.85 153.381 229.52 169.221
229.52 169.221 239.72 170.251
239.72 170.251 245.16 174.051
245.16 174.051 247.3 179.931
247.3 179.931 247.09 245.651
247.09 245.651 245.11 250.181
245.11 250.181 240.68 254.081
240.68 254.081 228.98 255.911
228.98 255.911 228.96 269.551
228.96 269.551 227.67 272.181
227.67 272.181 219.06 275.051
219.06 275.051 216.05 277.781
216.05 277.781 210.83 278.011
210.83 278.011 210.83 358.081
210.83 358.081 208.13 370.301
208.13 370.301 42.68 371.031
42.68 371.031 39.26 369.361
39.26 369.361 36.8 356.961
36.8 356.961 36.8 278.011
36.8 278.011 31.58 277.781
31.58 277.781 28.63 275.111
28.63 275.111 19.93 272.161
19.93 272.161 18.67 269.531
18.67 269.531 18.65 256.141
18.65 256.141 6.22 253.861
6.22 253.861 1.73 249.041
1.73 249.041 0 242.911
0 242.911 0.57 176.981
0.57 176.981 6.27 170.571
6.27 170.571 18.08 168.971
18.08 168.971 18.79 153.341
18.79 153.341 31.49 146.801
31.49 146.801 216.46 146.821
123.305 258.756 123.305 258.756
10.491 403.401 17.051 391.011
17.051 391.011 32.891 390.341
32.891 390.341 33.921 380.141
33.921 380.141 37.721 374.701
37.721 374.701 43.601 372.561
43.601 372.561 109.321 372.771
109.321 372.771 113.851 374.751
113.851 374.751 117.751 379.181
117.751 379.181 119.581 390.881
119.581 390.881 133.221 390.901
133.221 390.901 135.851 392.191
135.851 392.191 138.721 400.801
138.721 400.801 141.451 403.811
141.451 403.811 141.681 409.031
141.681 409.031 221.751 409.031
221.751 409.031 233.971 411.731
233.971 411.731 234.701 577.181
234.701 577.181 233.031 580.601
233.031 580.601 220.631 583.061
220.631 583.061 141.681 583.061
141.681 583.061 141.451 588.281
141.451 588.281 138.781 591.231
138.781 591.231 135.831 599.931
135.831 599.931 133.201 601.191
133.201 601.191 119.811 601.211
119.811 601.211 117.531 613.641
117.531 613.641 112.711 618.131
112.711 618.131 106.581 619.861
106.581 619.861 40.651 619.291
40.651 619.291 34.241 613.591
34.241 613.591 32.641 601.781
32.641 601.781 17.011 601.071
17.011 601.071 10.471 588.371
10.471 588.371 10.491 403.401
122.241 496.051 122.241 496.051
908.94 609.16 902.38 621.55
902.38 621.55 886.54 622.22
886.54 622.22 885.51 632.42
885.51 632.42 881.71 637.86
881.71 637.86 875.83 640
875.83 640 810.11 639.79
810.11 639.79 805.58 637.81
805.58 637.81 801.68 633.38
801.68 633.38 799.85 621.68
799.85 621.68 786.21 621.66
786.21 621.66 783.58 620.37
783.58 620.37 780.71 611.76
780.71 611.76 777.98 608.75
777.98 608.75 777.75 603.53
777.75 603.53 697.68 603.53
697.68 603.53 685.46 600.83
685.46 600.83 684.73 435.38
684.73 435.38 686.4 431.96
686.4 431.96 698.8 429.5
698.8 429.5 777.75 429.5
777.75 429.5 777.98 424.28
777.98 424.28 780.65 421.33
780.65 421.33 783.6 412.63
783.6 412.63 786.23 411.37
786.23 411.37 799.62 411.35
799.62 411.35 801.9 398.92
801.9 398.92 806.72 394.43
806.72 394.43 812.85 392.7
812.85 392.7 878.78 393.27
878.78 393.27 885.19 398.97
885.19 398.97 886.79 410.78
886.79 410.78 902.42 411.49
902.42 411.49 908.96 424.19
908.96 424.19 908.94 609.16
796.5 516.19 796.5 516.19
