269.67 206.43 296.55 206.44
296.55 206.44 307.48 210.91
307.48 210.91 311.54 215.72
311.54 215.72 314.35 220.68
314.35 220.68 315.98 226.28
315.98 226.28 316.82 232.89
316.82 232.89 317.078 261.682
317.078 261.682 319.31 262.08
319.31 262.08 324.83 264.06
324.83 264.06 331.16 271.57
331.16 271.57 332.79 277.17
332.79 277.17 333.199 322.773
333.199 322.773 344.3 324.76
344.3 324.76 347.94 329.17
347.94 329.17 347.08 555.21
347.08 555.21 345.73 556.98
345.73 556.98 313.9 563.06
313.9 563.06 290.842 563.072
290.842 563.072 286.88 573.86
286.88 573.86 285.53 575.63
285.53 575.63 282.09 579.15
282.09 579.15 278.787 579.732
278.787 579.732 277.2 581.37
277.2 581.37 261.76 584.56
261.76 584.56 252.451 584.573
252.451 584.573 251.7 603.5
251.7 603.5 246.04 611.2
246.04 611.2 240.95 612.96
240.95 612.96 239.849 613.154
239.849 613.154 239.45 614.12
239.45 614.12 235.33 618.08
235.33 618.08 230.54 619.63
230.54 619.63 215.1 622.82
215.1 622.82 186.832 622.85
186.832 622.85 185.9 625.45
185.9 625.45 181.59 631.38
181.59 631.38 177.51 635.59
177.51 635.59 175.976 636.121
175.976 636.121 171.69 640.25
171.69 640.25 166.9 641.8
166.9 641.8 147.001 642.066
147.001 642.066 146.42 656.72
146.42 656.72 144.07 662.41
144.07 662.41 139.76 668.34
139.76 668.34 135.64 672.3
135.64 672.3 125.76 675.61
125.76 675.61 71.15 675.61
71.15 675.61 59.15 671.31
59.15 671.31 50.62 657.3
50.62 657.3 50.2328 642.077
50.2328 642.077 29.22 641.82
29.22 641.82 22.57 639.37
22.57 639.37 20.5394 635.877
20.5394 635.877 19.68 635.58
19.68 635.58 16.56 632.76
16.56 632.76 12.46 626.37
12.46 626.37 9.76025 616.739
9.76025 616.739 5.86 610.66
5.86 610.66 5.68847 603.917
5.68847 603.917 -16.9 603.64
-16.9 603.64 -20.02 600.82
-20.02 600.82 -27.31 586.16
-27.31 586.16 -28.876 580.573
-28.876 580.573 -33.91 570.45
-33.91 570.45 -33.97 323.85
-33.97 323.85 -32.29 320.05
-32.29 320.05 -31.29 302.55
-31.29 302.55 -29.19 297.82
-29.19 297.82 -27.05 279.56
-27.05 279.56 -23.96 278.09
-23.96 278.09 42.31 277.82
42.31 277.82 46.7 281.34
46.7 281.34 50.77 285.4
50.77 285.4 52.4472 289.969
52.4472 289.969 54.99 283.04
54.99 283.04 58.43 279.52
58.43 279.52 61.52 278.05
61.52 278.05 85.8011 277.72
85.8011 277.72 85.83 276.67
85.83 276.67 87.93 271.94
87.93 271.94 90.07 253.68
90.07 253.68 94.51 247.32
94.51 247.32 97.6 245.85
97.6 245.85 102.81 244.26
102.81 244.26 107.428 244.262
107.428 244.262 110.01 241.81
110.01 241.81 114.75 240.3
114.75 240.3 175.83 239.49
175.83 239.49 181.35 241.47
181.35 241.47 185.74 244.99
185.74 244.99 188.176 247.876
188.176 247.876 189.68 246.32
189.68 246.32 191.196 245.857
191.196 245.857 195.49 241.77
195.49 241.77 200.23 240.26
200.23 240.26 220.247 239.988
220.247 239.988 220.65 225.37
220.65 225.37 222.98 219.87
222.98 219.87 227.42 213.51
227.42 213.51 231.57 209.57
231.57 209.57 241.52 206.47
269.67 206.43 241.52 206.47
26.39 262.62 26.39 262.62
