606.384 588.88 608.004 591.06
608.004 591.06 607.874 643.38
607.874 643.38 605.694 645
605.694 645 272.374 644.87
272.374 644.87 270.884 642.86
270.884 642.86 270.884 590.89
270.884 590.89 272.374 588.88
272.374 588.88 436.994 588.75
436.994 588.75 606.384 588.88
672.812 17.8 678.602 23.89
678.602 23.89 679.492 35.11
679.492 35.11 709.702 50.92
709.702 50.92 709.702 2.64
709.702 2.64 710.862 0.47
710.862 0.47 723.072 0
723.072 0 729.102 2.22
729.102 2.22 732.962 7.46
732.962 7.46 733.552 16.4
733.552 16.4 762.862 16.4
762.862 16.4 763.412 7.63
763.412 7.63 767.022 2.46
767.022 2.46 772.002 0.4
772.002 0.4 785.102 0.37
785.102 0.37 786.702 2.32
786.702 2.32 786.702 50.92
786.702 50.92 816.452 35.35
816.452 35.35 818.032 23.53
818.032 23.53 822.482 19.03
822.482 19.03 828.432 17.07
828.432 17.07 858.572 17.71
858.572 17.71 859.622 42.86
859.622 42.86 871.192 19.23
871.192 19.23 871.552 8.13
871.552 8.13 875.002 2.5
875.002 2.5 880.442 0.37
880.442 0.37 903.772 0.4
903.772 0.4 908.762 2.1
908.762 2.1 912.802 7.58
912.802 7.58 913.272 18.96
913.272 18.96 931.302 53.11
931.302 53.11 944.832 55.54
944.832 55.54 946.292 57.36
946.292 57.36 946.192 116.26
946.192 116.26 944.672 117.82
944.672 117.82 931.102 120.25
931.102 120.25 931.102 194
931.102 194 929.312 201.66
929.312 201.66 923.982 206.79
923.982 206.79 918.812 208.45
918.812 208.45 865.982 208.48
865.982 208.48 860.912 207.07
860.912 207.07 856.052 202.75
856.052 202.75 853.392 196.25
853.392 196.25 852.762 154.66
852.762 154.66 850.692 156.24
850.692 156.24 794.732 155.65
794.732 155.65 789.972 150.76
789.972 150.76 780.602 120.69
780.602 120.69 715.792 120.69
715.792 120.69 706.542 150.42
706.542 150.42 701.802 155.68
701.802 155.68 643.212 155.83
643.212 155.83 639.002 121.25
639.002 121.25 637.702 118.32
637.702 118.32 637.702 19.4
637.702 19.4 640.352 16.75
640.352 16.75 672.812 17.8
91.2211 215.73 88.8311 213.78
88.8311 213.78 77.3011 209.26
77.3011 209.26 76.5811 193.49
76.5811 193.49 65.2911 192.09
65.2911 192.09 59.0611 186.04
59.0611 186.04 58.7211 119.19
58.7211 119.19 64.8611 112.48
64.8611 112.48 77.1511 110.81
77.1511 110.81 77.1711 97.21
77.1711 97.21 78.5311 94.59
78.5311 94.59 87.9111 91.61
87.9111 91.61 91.0911 88.77
91.0911 88.77 95.2911 88.57
95.2911 88.57 95.2911 14.98
95.2911 14.98 97.5611 1.95
97.5611 1.95 99.0411 0.24
99.0411 0.24 195.911 0
195.911 0 197.961 1.55
197.961 1.55 199.831 11.79
199.831 11.79 226.961 12.49
226.961 12.49 232.461 15.06
232.461 15.06 236.571 20.33
236.571 20.33 236.911 86.28
236.911 86.28 230.771 92.99
230.771 92.99 218.481 94.66
218.481 94.66 218.461 108.26
218.461 108.26 217.101 110.88
217.101 110.88 207.661 113.88
207.661 113.88 204.561 116.69
204.561 116.69 200.331 116.92
200.331 116.92 200.331 187.55
200.331 187.55 204.561 187.78
204.561 187.78 207.021 190.01
207.021 190.01 218.291 194.09
218.291 194.09 219.241 210.69
219.241 210.69 216.711 213.21
216.711 213.21 203.511 213.27
203.511 213.27 197.841 215.79
197.841 215.79 91.2211 215.73
720.571 358.81 719.381 360.6
719.381 360.6 702.871 363.9
702.871 363.9 367.161 363.9
367.161 363.9 365.081 362.51
365.081 362.51 364.851 226.33
364.851 226.33 366.471 223.9
366.471 223.9 701.721 223.68
701.721 223.68 719.251 227.13
719.251 227.13 720.571 228.92
720.571 228.92 720.571 358.81
268.161 454.481 265.261 438.101
265.261 438.101 265.251 370.871
265.251 370.871 236.091 361.751
236.091 361.751 231.041 357.021
231.041 357.021 230.351 302.451
230.351 302.451 231.991 300.141
231.991 300.141 191.571 299.581
191.571 299.581 185.151 297.211
185.151 297.211 180.571 292.491
180.571 292.491 178.491 285.611
178.491 285.611 179.031 233.771
179.031 233.771 183.161 227.101
183.161 227.101 190.371 223.461
190.371 223.461 231.901 222.741
231.901 222.741 230.991 221.461
230.991 221.461 231.001 166.881
231.001 166.881 233.711 162.981
233.711 162.981 256.331 156.841
256.331 156.841 261.311 153.211
261.311 153.211 321.281 153.231
321.281 153.231 326.761 155.791
326.761 155.791 356.451 158.441
356.451 158.441 358.431 161.011
358.431 161.011 357.851 215.911
357.851 215.911 352.951 220.671
352.951 220.671 323.621 229.841
323.621 229.841 323.621 293.161
323.621 293.161 352.791 302.281
352.791 302.281 357.841 307.011
357.841 307.011 358.531 361.581
358.531 361.581 356.901 363.881
356.901 363.881 397.311 364.451
397.311 364.451 403.731 366.821
403.731 366.821 408.311 371.541
408.311 371.541 410.391 378.421
410.391 378.421 409.851 430.371
409.851 430.371 405.411 437.301
405.411 437.301 397.881 440.641
397.881 440.641 323.071 441.221
323.071 441.221 320.751 454.341
320.751 454.341 319.111 455.781
319.111 455.781 269.951 455.811
269.951 455.811 268.161 454.481
36.758 527.788 37.998 525.978
37.998 525.978 51.428 523.598
51.428 523.598 119.078 523.598
119.078 523.598 119.308 519.368
119.308 519.368 121.948 516.448
121.948 516.448 125.168 506.738
125.168 506.738 127.818 505.468
127.818 505.468 140.918 505.448
140.918 505.448 143.098 493.118
143.098 493.118 147.948 488.518
147.948 488.518 154.868 486.608
154.868 486.608 210.398 487.398
210.398 487.398 216.658 493.338
216.658 493.338 218.118 504.888
218.118 504.888 233.788 505.598
233.788 505.598 238.408 517.388
238.408 517.388 240.258 519.438
240.258 519.438 240.488 595.758
240.488 595.758 237.798 601.808
237.798 601.808 237.738 614.838
237.738 614.838 235.718 617.298
235.718 617.298 218.678 616.648
218.678 616.648 214.378 605.138
214.378 605.138 212.308 602.858
212.308 602.858 212.078 598.628
212.078 598.628 147.448 598.628
147.448 598.628 147.218 602.858
147.218 602.858 144.408 605.958
144.408 605.958 141.408 615.398
141.408 615.398 138.788 616.758
138.788 616.758 125.188 616.778
125.188 616.778 123.668 628.828
123.668 628.828 117.468 634.828
117.468 634.828 60.458 635.668
60.458 635.668 53.228 632.748
53.228 632.748 49.128 626.708
49.128 626.708 48.218 598.108
48.218 598.108 37.998 596.248
37.998 596.248 36.768 594.448
36.768 594.448 36.758 527.788
323.556 584.596 318.746 582.446
318.746 582.446 308.446 581.916
308.446 581.916 307.106 579.676
307.106 579.676 307.206 557.026
307.206 557.026 309.576 553.866
309.576 553.866 321.196 548.806
321.196 548.806 321.196 525.716
321.196 525.716 307.246 518.416
307.246 518.416 306.816 495.396
306.816 495.396 286.696 494.786
286.696 494.786 280.896 490.956
280.896 490.956 279.376 485.986
279.376 485.986 279.406 468.016
279.406 468.016 280.996 463.126
280.996 463.126 286.956 459.296
286.956 459.296 321.676 458.796
321.676 458.796 323.826 446.936
323.826 446.936 326.026 445.236
326.026 445.236 468.346 445.606
468.346 445.606 471.376 457.936
471.376 457.936 471.386 488.486
471.386 488.486 485.326 495.786
485.326 495.786 485.756 518.576
485.756 518.576 506.436 519.566
506.436 519.566 511.616 523.436
511.616 523.436 513.206 528.026
513.206 528.026 513.166 546.416
513.166 546.416 511.326 551.316
511.326 551.316 505.646 554.806
505.646 554.806 485.726 555.366
485.726 555.366 485.336 578.206
485.336 578.206 474.136 584.596
474.136 584.596 323.556 584.596
693.887 363.986 706.277 370.546
706.277 370.546 706.947 386.386
706.947 386.386 717.147 387.416
717.147 387.416 722.587 391.216
722.587 391.216 724.727 397.096
724.727 397.096 724.517 462.816
724.517 462.816 722.537 467.346
722.537 467.346 718.107 471.246
718.107 471.246 706.407 473.076
706.407 473.076 706.387 486.716
706.387 486.716 705.097 489.346
705.097 489.346 696.487 492.216
696.487 492.216 693.477 494.946
693.477 494.946 688.257 495.176
688.257 495.176 688.257 575.246
688.257 575.246 685.557 587.466
685.557 587.466 520.107 588.196
520.107 588.196 516.687 586.526
516.687 586.526 514.227 574.126
514.227 574.126 514.227 495.176
514.227 495.176 509.007 494.946
509.007 494.946 506.057 492.276
506.057 492.276 497.357 489.326
497.357 489.326 496.097 486.696
496.097 486.696 496.077 473.306
496.077 473.306 483.647 471.026
483.647 471.026 479.157 466.206
479.157 466.206 477.427 460.076
477.427 460.076 477.997 394.146
477.997 394.146 483.697 387.736
483.697 387.736 495.507 386.136
495.507 386.136 496.217 370.506
496.217 370.506 508.917 363.966
508.917 363.966 693.887 363.986
566.247 0.02 578.637 6.58
578.637 6.58 579.307 22.42
579.307 22.42 589.507 23.45
589.507 23.45 594.947 27.25
594.947 27.25 597.087 33.13
597.087 33.13 596.877 98.85
596.877 98.85 594.897 103.38
594.897 103.38 590.467 107.28
590.467 107.28 578.767 109.11
578.767 109.11 578.747 122.75
578.747 122.75 577.457 125.38
577.457 125.38 568.847 128.25
568.847 128.25 565.837 130.98
565.837 130.98 560.617 131.21
560.617 131.21 560.617 211.28
560.617 211.28 557.917 223.5
557.917 223.5 392.467 224.23
392.467 224.23 389.047 222.56
389.047 222.56 386.587 210.16
386.587 210.16 386.587 131.21
386.587 131.21 381.367 130.98
381.367 130.98 378.417 128.31
378.417 128.31 369.717 125.36
369.717 125.36 368.457 122.73
368.457 122.73 368.437 109.34
368.437 109.34 356.007 107.06
356.007 107.06 351.517 102.24
351.517 102.24 349.787 96.11
349.787 96.11 350.357 30.18
350.357 30.18 356.057 23.77
356.057 23.77 367.867 22.17
367.867 22.17 368.577 6.54
368.577 6.54 381.277 0
381.277 0 566.247 0.02
0.02 296.782 6.58 284.392
6.58 284.392 22.42 283.722
22.42 283.722 23.45 273.522
23.45 273.522 27.25 268.082
27.25 268.082 33.13 265.942
33.13 265.942 98.85 266.152
98.85 266.152 103.38 268.132
103.38 268.132 107.28 272.562
107.28 272.562 109.11 284.262
109.11 284.262 122.75 284.282
122.75 284.282 125.38 285.572
125.38 285.572 128.25 294.182
128.25 294.182 130.98 297.192
130.98 297.192 131.21 302.412
131.21 302.412 211.28 302.412
211.28 302.412 223.5 305.112
223.5 305.112 224.23 470.562
224.23 470.562 222.56 473.982
222.56 473.982 210.16 476.442
210.16 476.442 131.21 476.442
131.21 476.442 130.98 481.662
130.98 481.662 128.31 484.612
128.31 484.612 125.36 493.312
125.36 493.312 122.73 494.572
122.73 494.572 109.34 494.592
109.34 494.592 107.06 507.022
107.06 507.022 102.24 511.512
102.24 511.512 96.11 513.242
96.11 513.242 30.18 512.672
30.18 512.672 23.77 506.972
23.77 506.972 22.17 495.162
22.17 495.162 6.54 494.452
6.54 494.452 0 481.752
0 481.752 0.02 296.782
724.27 203.187 730.83 190.797
730.83 190.797 746.67 190.127
746.67 190.127 747.7 179.927
747.7 179.927 751.5 174.487
751.5 174.487 757.38 172.347
757.38 172.347 823.1 172.557
823.1 172.557 827.63 174.537
827.63 174.537 831.53 178.967
831.53 178.967 833.36 190.667
833.36 190.667 847 190.687
847 190.687 849.63 191.977
849.63 191.977 852.5 200.587
852.5 200.587 855.23 203.597
855.23 203.597 855.46 208.817
855.46 208.817 935.53 208.817
935.53 208.817 947.75 211.517
947.75 211.517 948.48 376.967
948.48 376.967 946.81 380.387
946.81 380.387 934.41 382.847
934.41 382.847 855.46 382.847
855.46 382.847 855.23 388.067
855.23 388.067 852.56 391.017
852.56 391.017 849.61 399.717
849.61 399.717 846.98 400.977
846.98 400.977 833.59 400.997
833.59 400.997 831.31 413.427
831.31 413.427 826.49 417.917
826.49 417.917 820.36 419.647
820.36 419.647 754.43 419.077
754.43 419.077 748.02 413.377
748.02 413.377 746.42 401.567
746.42 401.567 730.79 400.857
730.79 400.857 724.25 388.157
724.25 388.157 724.27 203.187
728.209 644.66 715.819 638.1
715.819 638.1 715.149 622.26
715.149 622.26 704.949 621.23
704.949 621.23 699.509 617.43
699.509 617.43 697.369 611.55
697.369 611.55 697.579 545.83
697.579 545.83 699.559 541.3
699.559 541.3 703.989 537.4
703.989 537.4 715.689 535.57
715.689 535.57 715.709 521.93
715.709 521.93 716.999 519.3
716.999 519.3 725.609 516.43
725.609 516.43 728.619 513.7
728.619 513.7 733.839 513.47
733.839 513.47 733.839 433.4
733.839 433.4 736.539 421.18
736.539 421.18 901.989 420.45
901.989 420.45 905.409 422.12
905.409 422.12 907.869 434.52
907.869 434.52 907.869 513.47
907.869 513.47 913.089 513.7
913.089 513.7 916.039 516.37
916.039 516.37 924.739 519.32
924.739 519.32 925.999 521.95
925.999 521.95 926.019 535.34
926.019 535.34 938.449 537.62
938.449 537.62 942.939 542.44
942.939 542.44 944.669 548.57
944.669 548.57 944.099 614.5
944.099 614.5 938.399 620.91
938.399 620.91 926.589 622.51
926.589 622.51 925.879 638.14
925.879 638.14 913.179 644.68
913.179 644.68 728.209 644.66
0 0 0 0
