51.89 29.21 56.19 30.22
56.19 30.22 60.71 33.47
60.71 33.47 64.02 38.82
64.02 38.82 64.89 52.7
64.89 52.7 118.02 80.01
118.02 80.01 118.02 2.7
118.02 2.7 119.19 0.5
119.19 0.5 139.65 0
139.65 0 147.3 2.36
147.3 2.36 152.74 9.25
152.74 9.25 153.49 22.46
153.49 22.46 205.56 22.46
205.56 22.46 206.27 9.45
206.27 9.45 211.37 2.66
211.37 2.66 217.62 0.46
217.62 0.46 239.31 0.42
239.31 0.42 241.02 2.31
241.02 2.31 241.02 80.01
241.02 80.01 294.69 52.42
294.69 52.42 294.79 40.93
294.79 40.93 296.45 35.82
296.45 35.82 301.19 30.89
301.19 30.89 308.73 28.57
308.73 28.57 358.94 29.25
358.94 29.25 360.01 71.88
360.01 71.88 383.03 25.23
383.03 25.23 383.35 10.66
383.35 10.66 387.35 3.52
387.35 3.52 395.07 0.14
395.07 0.14 437.03 0.48
437.03 0.48 442.67 3.22
442.67 3.22 447.32 8.94
447.32 8.94 448.93 26.67
448.93 26.67 477.63 82.19
477.63 82.19 490.85 84.54
490.85 84.54 492.51 85.98
492.51 85.98 492.71 141.07
492.71 141.07 490.99 142.92
490.99 142.92 474.78 145.75
474.78 145.75 359.15 145.75
359.15 145.75 359.01 151.89
359.01 151.89 355.7 155.72
355.7 155.72 344.37 197.67
344.37 197.67 341.31 201.71
341.31 201.71 336.55 203.75
336.55 203.75 245.1 203.79
245.1 203.79 243.43 202.08
243.43 202.08 241.43 179.47
241.43 179.47 241.42 263.55
241.42 263.55 240.22 271.43
240.22 271.43 235.52 278.46
235.52 278.46 227.08 281.92
227.08 281.92 129.72 281.49
129.72 281.49 121.67 276.76
121.67 276.76 117.66 268.08
117.66 268.08 117.1 185.15
117.1 185.15 115.61 202.09
115.61 202.09 113.97 203.75
113.97 203.75 23.1 203.79
23.1 203.79 18.51 202.26
18.51 202.26 14.82 198.15
14.82 198.15 3.28 155.98
3.28 155.98 0.02 151.77
0.02 151.77 0 30.98
0 30.98 1.78 29.2
1.78 29.2 51.89 29.21
544.6 29.21 548.9 30.22
548.9 30.22 553.42 33.47
553.42 33.47 556.73 38.82
556.73 38.82 557.6 52.7
557.6 52.7 610.73 80.01
610.73 80.01 610.73 2.7
610.73 2.7 611.9 0.5
611.9 0.5 632.36 0
632.36 0 640.01 2.36
640.01 2.36 645.45 9.25
645.45 9.25 646.2 22.46
646.2 22.46 698.27 22.46
698.27 22.46 698.98 9.45
698.98 9.45 704.08 2.66
704.08 2.66 710.33 0.46
710.33 0.46 732.02 0.42
732.02 0.42 733.73 2.31
733.73 2.31 733.73 80.01
733.73 80.01 787.4 52.42
787.4 52.42 787.5 40.93
787.5 40.93 789.16 35.82
789.16 35.82 793.9 30.89
793.9 30.89 801.44 28.57
801.44 28.57 851.65 29.25
851.65 29.25 852.72 71.88
852.72 71.88 875.74 25.23
875.74 25.23 876.06 10.66
876.06 10.66 880.06 3.52
880.06 3.52 887.78 0.14
887.78 0.14 929.74 0.48
929.74 0.48 935.38 3.22
935.38 3.22 940.03 8.94
940.03 8.94 941.64 26.67
941.64 26.67 970.34 82.19
970.34 82.19 983.56 84.54
983.56 84.54 985.22 85.98
985.22 85.98 985.42 141.07
985.42 141.07 983.7 142.92
983.7 142.92 967.49 145.75
967.49 145.75 851.86 145.75
851.86 145.75 851.72 151.89
851.72 151.89 848.41 155.72
848.41 155.72 837.08 197.67
837.08 197.67 834.02 201.71
834.02 201.71 829.26 203.75
829.26 203.75 737.81 203.79
737.81 203.79 736.14 202.08
736.14 202.08 734.14 179.47
734.14 179.47 734.13 263.55
734.13 263.55 732.93 271.43
732.93 271.43 728.23 278.46
728.23 278.46 719.79 281.92
719.79 281.92 622.43 281.49
622.43 281.49 614.38 276.76
614.38 276.76 610.37 268.08
610.37 268.08 609.81 185.15
609.81 185.15 608.32 202.09
608.32 202.09 606.68 203.75
606.68 203.75 515.81 203.79
515.81 203.79 511.22 202.26
511.22 202.26 507.53 198.15
507.53 198.15 495.99 155.98
495.99 155.98 492.73 151.77
492.73 151.77 492.71 30.98
492.71 30.98 494.49 29.2
494.49 29.2 544.6 29.21
2332.28 31.11 2333.43 29.24
2333.43 29.24 2346.58 26.83
2346.58 26.83 2544.58 26.83
2544.58 26.83 2544.71 19.93
2544.71 19.93 2549.76 11.17
2549.76 11.17 2559.18 9.89
2559.18 9.89 2561.79 2.64
2561.79 2.64 2567.74 0
2567.74 0 2757.19 0.04
2757.19 0.04 2762.94 2.95
2762.94 2.95 2765.44 10.14
2765.44 10.14 2774.61 11.08
2774.61 11.08 2779.79 19.6
2779.79 19.6 2780 238.83
2780 238.83 2774.58 247.83
2774.58 247.83 2765.18 248.51
2765.18 248.51 2763.83 254.07
2763.83 254.07 2758.75 258.79
2758.75 258.79 2569.39 259.76
2569.39 259.76 2561.66 255.96
2561.66 255.96 2559.23 248.96
2559.23 248.96 2549.76 247.67
2549.76 247.67 2544.71 238.91
2544.71 238.91 2544.58 232.01
2544.58 232.01 2346.96 232.01
2346.96 232.01 2333.52 229.63
2333.52 229.63 2332.29 227.82
2332.29 227.82 2332.28 31.11
985.48 30.1 991.87 18.88
991.87 18.88 1007.64 18.32
1007.64 18.32 1009.19 6.66
1009.19 6.66 1015.39 0.69
1015.39 0.69 1102.6 0
1102.6 0 1108.71 2.53
1108.71 2.53 1112.71 6.99
1112.71 6.99 1114.6 18.77
1114.6 18.77 1128.48 18.79
1128.48 18.79 1131.09 20.07
1131.09 20.07 1133.63 27.48
1133.63 27.48 1136.47 30.77
1136.47 30.77 1136.61 36.92
1136.61 36.92 1234.24 36.92
1234.24 36.92 1247.26 39.18
1247.26 39.18 1248.97 40.66
1248.97 40.66 1249.23 137.4
1249.23 137.4 1247.74 139.57
1247.74 139.57 1234.32 141.96
1234.32 141.96 1136.61 141.96
1136.61 141.96 1136.47 148.1
1136.47 148.1 1133.68 151.33
1133.68 151.33 1131.07 158.83
1131.07 158.83 1128.46 160.09
1128.46 160.09 1114.8 160.1
1114.8 160.1 1112.52 172.53
1112.52 172.53 1107.71 177.03
1107.71 177.03 1102.08 178.61
1102.08 178.61 1015.92 178.2
1015.92 178.2 1009.31 172.77
1009.31 172.77 1007.55 160.55
1007.55 160.55 991.82 159.99
991.82 159.99 985.42 148.3
985.42 148.3 985.48 30.1
2130 58.11 2131.63 40.18
2131.63 40.18 2134.31 38.14
2134.31 38.14 2169.09 38.82
2169.09 38.82 2173.1 43.09
2173.1 43.09 2179.4 60.77
2179.4 60.77 2218.57 60.77
2218.57 60.77 2224.91 42.96
2224.91 42.96 2228.98 38.77
2228.98 38.77 2264.59 38.75
2264.59 38.75 2265.22 11.44
2265.22 11.44 2267.45 5.73
2267.45 5.73 2271.6 1.58
2271.6 1.58 2276.56 0
2276.56 0 2305.07 0.01
2305.07 0.01 2309.58 1.18
2309.58 1.18 2314.32 5.23
2314.32 5.23 2316.82 11.62
2316.82 11.62 2317.4 61.31
2317.4 61.31 2330.56 63.64
2330.56 63.64 2332.28 65.64
2332.28 65.64 2331.98 164.51
2331.98 164.51 2318.6 167.8
2318.6 167.8 2271.39 167.82
2271.39 167.82 2265.06 185.61
2265.06 185.61 2260.99 189.8
2260.99 189.8 2225.28 189.82
2225.28 189.82 2224.76 217.2
2224.76 217.2 2222.69 222.67
2222.69 222.67 2218.47 226.98
2218.47 226.98 2213.38 228.6
2213.38 228.6 2184.79 228.56
2184.79 228.56 2180.45 227.4
2180.45 227.4 2175.92 223.7
2175.92 223.7 2173.25 217.87
2173.25 217.87 2172.61 189.8
2172.61 189.8 2137.37 189.94
2137.37 189.94 2134.23 187.09
2134.23 187.09 2130.76 174.71
2130.76 174.71 2127.29 170.69
2127.29 170.69 2127.49 63.04
2127.49 63.04 2130 58.11
1925.01 58.11 1926.64 40.18
1926.64 40.18 1929.32 38.14
1929.32 38.14 1964.1 38.82
1964.1 38.82 1968.11 43.09
1968.11 43.09 1974.41 60.77
1974.41 60.77 2013.58 60.77
2013.58 60.77 2019.92 42.96
2019.92 42.96 2023.99 38.77
2023.99 38.77 2059.6 38.75
2059.6 38.75 2060.23 11.44
2060.23 11.44 2062.46 5.73
2062.46 5.73 2066.61 1.58
2066.61 1.58 2071.57 0
2071.57 0 2100.08 0.01
2100.08 0.01 2104.59 1.18
2104.59 1.18 2109.33 5.23
2109.33 5.23 2111.83 11.62
2111.83 11.62 2112.41 61.31
2112.41 61.31 2125.57 63.64
2125.57 63.64 2127.29 65.64
2127.29 65.64 2126.99 164.51
2126.99 164.51 2113.61 167.8
2113.61 167.8 2066.4 167.82
2066.4 167.82 2060.07 185.61
2060.07 185.61 2056 189.8
2056 189.8 2020.29 189.82
2020.29 189.82 2019.77 217.2
2019.77 217.2 2017.7 222.67
2017.7 222.67 2013.48 226.98
2013.48 226.98 2008.39 228.6
2008.39 228.6 1979.8 228.56
1979.8 228.56 1975.46 227.4
1975.46 227.4 1970.93 223.7
1970.93 223.7 1968.26 217.87
1968.26 217.87 1967.62 189.8
1967.62 189.8 1932.38 189.94
1932.38 189.94 1929.24 187.09
1929.24 187.09 1925.77 174.71
1925.77 174.71 1922.3 170.69
1922.3 170.69 1922.5 63.04
1922.5 63.04 1925.01 58.11
1733.27 98.16 1735.27 93.26
1735.27 93.26 1740.97 89.86
1740.97 89.86 1760.64 89.24
1760.64 89.24 1761.08 66.31
1761.08 66.31 1775.02 59.01
1775.02 59.01 1775.02 35.78
1775.02 35.78 1763.41 30.72
1763.41 30.72 1761.03 27.55
1761.03 27.55 1760.93 4.72
1760.93 4.72 1762.49 2.61
1762.49 2.61 1772.17 2.38
1772.17 2.38 1777.52 0
1777.52 0 1883.05 0.06
1883.05 0.06 1893.89 6.5
1893.89 6.5 1894.28 29.15
1894.28 29.15 1913.66 29.89
1913.66 29.89 1918.39 32.34
1918.39 32.34 1921.57 36.71
1921.57 36.71 1922.3 54.91
1922.3 54.91 1920.01 61.52
1920.01 61.52 1914.24 65.22
1914.24 65.22 1894.32 65.9
1894.32 65.9 1893.89 88.8
1893.89 88.8 1879.95 96.1
1879.95 96.1 1879.94 122.84
1879.94 122.84 1877.37 137.4
1877.37 137.4 1875.91 139.05
1875.91 139.05 1779.42 139.23
1779.42 139.23 1777.63 137.56
1777.63 137.56 1775.59 126.08
1775.59 126.08 1740.81 125.3
1740.81 125.3 1734.93 121.48
1734.93 121.48 1733.2 116.45
1733.2 116.45 1733.27 98.16
1544.17 98.16 1546.17 93.26
1546.17 93.26 1551.87 89.86
1551.87 89.86 1571.54 89.24
1571.54 89.24 1571.98 66.31
1571.98 66.31 1585.92 59.01
1585.92 59.01 1585.92 35.78
1585.92 35.78 1574.31 30.72
1574.31 30.72 1571.93 27.55
1571.93 27.55 1571.83 4.72
1571.83 4.72 1573.39 2.61
1573.39 2.61 1583.07 2.38
1583.07 2.38 1588.42 0
1588.42 0 1693.95 0.06
1693.95 0.06 1704.79 6.5
1704.79 6.5 1705.18 29.15
1705.18 29.15 1724.56 29.89
1724.56 29.89 1729.29 32.34
1729.29 32.34 1732.47 36.71
1732.47 36.71 1733.2 54.91
1733.2 54.91 1730.91 61.52
1730.91 61.52 1725.14 65.22
1725.14 65.22 1705.22 65.9
1705.22 65.9 1704.79 88.8
1704.79 88.8 1690.85 96.1
1690.85 96.1 1690.84 122.84
1690.84 122.84 1688.27 137.4
1688.27 137.4 1686.81 139.05
1686.81 139.05 1590.32 139.23
1590.32 139.23 1588.53 137.56
1588.53 137.56 1586.49 126.08
1586.49 126.08 1551.71 125.3
1551.71 125.3 1545.83 121.48
1545.83 121.48 1544.1 116.45
1544.1 116.45 1544.17 98.16
1249.23 34.86 1252.13 23.59
1252.13 23.59 1254.06 22.43
1254.06 22.43 1270.83 22.54
1270.83 22.54 1273.8 24.67
1273.8 24.67 1276.82 32.53
1276.82 32.53 1292.18 32.53
1292.18 32.53 1297.31 22.6
1297.31 22.6 1314.67 22.16
1314.67 22.16 1315.15 6.52
1315.15 6.52 1318.16 1.98
1318.16 1.98 1324.56 0
1324.56 0 1338.72 1.11
1338.72 1.11 1342.41 6.69
1342.41 6.69 1342.83 32.97
1342.83 32.97 1353.39 34.9
1353.39 34.9 1355.09 37.09
1355.09 37.09 1354.72 139.75
1354.72 139.75 1343.73 142.52
1343.73 142.52 1321.27 142.54
1321.27 142.54 1316.15 152.46
1316.15 152.46 1298.93 152.89
1298.93 152.89 1298.15 169.03
1298.15 169.03 1295.15 173
1295.15 173 1291.54 174.3
1291.54 174.3 1277.79 174.27
1277.79 174.27 1273.95 172.83
1273.95 172.83 1271.15 168.47
1271.15 168.47 1270.67 152.8
1270.67 152.8 1253.51 152.48
1253.51 152.48 1249.23 145.34
1249.23 145.34 1249.23 34.86
1355.09 34.86 1357.99 23.59
1357.99 23.59 1359.92 22.43
1359.92 22.43 1376.69 22.54
1376.69 22.54 1379.66 24.67
1379.66 24.67 1382.68 32.53
1382.68 32.53 1398.04 32.53
1398.04 32.53 1403.17 22.6
1403.17 22.6 1420.53 22.16
1420.53 22.16 1421.01 6.52
1421.01 6.52 1424.02 1.98
1424.02 1.98 1430.42 0
1430.42 0 1444.58 1.11
1444.58 1.11 1448.27 6.69
1448.27 6.69 1448.69 32.97
1448.69 32.97 1459.25 34.9
1459.25 34.9 1460.95 37.09
1460.95 37.09 1460.58 139.75
1460.58 139.75 1449.59 142.52
1449.59 142.52 1427.13 142.54
1427.13 142.54 1422.01 152.46
1422.01 152.46 1404.79 152.89
1404.79 152.89 1404.01 169.03
1404.01 169.03 1401.01 173
1401.01 173 1397.4 174.3
1397.4 174.3 1383.65 174.27
1383.65 174.27 1379.81 172.83
1379.81 172.83 1377.01 168.47
1377.01 168.47 1376.53 152.8
1376.53 152.8 1359.37 152.48
1359.37 152.48 1355.09 145.34
1355.09 145.34 1355.09 34.86
