425.128 589.527 396.118 586.977
396.118 586.977 393.788 584.177
393.788 584.177 394.688 534.617
394.688 534.617 400.208 529.947
400.208 529.947 428.628 521.057
428.628 521.057 428.628 458.227
428.628 458.227 399.718 449.167
399.718 449.167 394.668 444.447
394.668 444.447 393.968 395.147
393.968 395.147 395.688 392.967
395.688 392.967 360.448 392.337
360.448 392.337 354.448 389.997
354.448 389.997 350.308 385.647
350.308 385.647 348.528 379.667
348.528 379.667 348.898 326.737
348.898 326.737 352.758 320.227
352.758 320.227 359.988 316.897
359.988 316.897 429.158 316.287
429.158 316.287 431.498 303.057
431.498 303.057 433.198 301.607
433.198 301.607 504.128 301.637
504.128 301.637 505.758 303.117
505.758 303.117 508.628 319.317
508.628 319.317 508.638 386.057
508.638 386.057 537.538 395.107
537.538 395.107 542.578 399.837
542.578 399.837 543.278 449.137
543.278 449.137 541.558 451.317
541.558 451.317 576.798 451.937
576.798 451.937 582.798 454.287
582.798 454.287 586.938 458.637
586.938 458.637 588.718 464.617
588.718 464.617 588.348 517.407
588.348 517.407 584.828 523.627
584.828 523.627 577.958 527.297
577.958 527.297 541.618 528.037
541.618 528.037 542.628 529.317
542.628 529.317 542.628 578.407
542.628 578.407 540.068 582.417
540.068 582.417 517.098 588.697
517.098 588.697 512.648 592.137
512.648 592.137 431.018 592.157
431.018 592.157 425.128 589.527
581.18 91.31 565.78 94.5
565.78 94.5 527.91 94.52
527.91 94.52 527.68 97.75
527.68 97.75 524.39 101.38
524.39 101.38 521.98 110.26
521.98 110.26 519.91 112.48
519.91 112.48 490.75 112.89
490.75 112.89 489.9 136.85
489.9 136.85 486.63 142.43
486.63 142.43 481.56 145.23
481.56 145.23 456.88 145.52
456.88 145.52 450.72 143.52
450.72 143.52 446.53 137.07
446.53 137.07 445.89 112.79
445.89 112.79 416.83 112.49
416.83 112.49 414.6 110.48
414.6 110.48 412.13 101.71
412.13 101.71 408.74 97.58
408.74 97.58 408.7 53.4
408.7 53.4 410.19 50.2
410.19 50.2 411.48 32.99
411.48 32.99 443.52 32.69
443.52 32.69 447.3 36.47
447.3 36.47 452.71 50.96
452.71 50.96 484.57 50.96
484.57 50.96 484.81 47.72
484.81 47.72 488.09 44.09
488.09 44.09 490.5 35.21
490.5 35.21 492.58 32.99
492.58 32.99 521.73 32.57
521.73 32.57 522.59 8.62
522.59 8.62 525.86 3.04
525.86 3.04 530.94 0.23
530.94 0.23 556.9 0
556.9 0 562.63 2.92
562.63 2.92 565.3 7.69
565.3 7.69 566.14 14.27
566.14 14.27 566.16 51.37
566.16 51.37 580.02 53.88
580.02 53.88 582.08 56.92
582.08 56.92 581.18 91.31
395.126 312.82 392.066 308.25
392.066 308.25 391.296 283.89
391.296 283.89 381.036 282.01
381.036 282.01 379.486 280.01
379.486 280.01 379.706 188.11
379.706 188.11 381.356 186.65
381.356 186.65 394.416 184.35
394.416 184.35 421.386 184.33
421.386 184.33 427.906 170.73
427.906 170.73 439.696 169.72
439.696 169.72 440.496 159.59
440.496 159.59 443.556 155.6
443.556 155.6 449.226 154.01
449.226 154.01 470.776 154.7
470.776 154.7 474.866 159.22
474.866 159.22 475.766 169.84
475.766 169.84 486.986 170.66
486.986 170.66 493.196 182.09
493.196 182.09 493.216 281.99
493.216 281.99 490.876 287.25
490.876 287.25 490.646 296.8
490.646 296.8 487.966 298.78
487.966 298.78 476.216 298.1
476.216 298.1 469.316 284.38
469.316 284.38 446.026 284.38
446.026 284.38 439.496 298
439.496 298 427.686 299.02
427.686 299.02 426.926 309.02
426.926 309.02 424.066 312.95
424.066 312.95 420.386 314.14
420.386 314.14 398.966 314.15
398.966 314.15 395.126 312.82
496.923 128.449 499.823 117.179
499.823 117.179 501.753 116.019
501.753 116.019 518.523 116.129
518.523 116.129 521.493 118.259
521.493 118.259 524.513 126.119
524.513 126.119 539.873 126.119
539.873 126.119 545.003 116.189
545.003 116.189 562.363 115.749
562.363 115.749 562.843 100.109
562.843 100.109 565.853 95.569
565.853 95.569 572.253 93.589
572.253 93.589 586.413 94.699
586.413 94.699 590.103 100.279
590.103 100.279 590.523 126.559
590.523 126.559 601.083 128.489
601.083 128.489 602.783 130.679
602.783 130.679 602.413 233.339
602.413 233.339 591.423 236.109
591.423 236.109 568.963 236.129
568.963 236.129 563.843 246.049
563.843 246.049 546.623 246.479
546.623 246.479 545.843 262.619
545.843 262.619 542.843 266.589
542.843 266.589 539.233 267.889
539.233 267.889 525.483 267.859
525.483 267.859 521.643 266.419
521.643 266.419 518.843 262.059
518.843 262.059 518.363 246.389
518.363 246.389 501.203 246.069
501.203 246.069 496.923 238.929
496.923 238.929 496.923 128.449
265.146 606.97 263.466 605.58
263.466 605.58 261.096 592.29
261.096 592.29 213.906 591.71
213.906 591.71 207.746 589.58
207.746 589.58 203.436 585.26
203.436 585.26 201.836 580.34
201.836 580.34 201.796 553.9
201.796 553.9 203.326 548.8
203.326 548.8 207.556 544.56
207.556 544.56 213.296 542.32
213.296 542.32 239.576 541.67
239.576 541.67 239.586 507.72
239.586 507.72 243.806 503.63
243.806 503.63 260.576 497.57
260.576 497.57 260.576 460.39
260.576 460.39 242.806 453.93
242.806 453.93 239.586 449.73
239.586 449.73 239.446 416.88
239.446 416.88 240.686 414.57
240.686 414.57 257.976 412.69
257.976 412.69 263.076 410.42
263.076 410.42 371.656 410.48
371.656 410.48 375.736 413.82
375.736 413.82 386.866 416.95
386.866 416.95 389.726 420.11
389.726 420.11 389.576 453.63
389.576 453.63 416.096 454.34
416.096 454.34 421.816 456.7
421.816 456.7 425.776 460.82
425.776 460.82 427.326 465.61
427.326 465.61 427.366 492.05
427.366 492.05 425.836 497.15
425.836 497.15 421.606 501.39
421.606 501.39 415.866 503.63
415.866 503.63 389.586 504.28
389.586 504.28 389.576 538.23
389.576 538.23 385.346 542.33
385.346 542.33 368.596 548.38
368.596 548.38 368.576 589.27
368.576 589.27 365.686 605.65
365.686 605.65 363.906 607
363.906 607 265.146 606.97
679.69 426.6 671.13 421.45
671.13 421.45 670.35 414.39
670.35 414.39 664.28 412.66
664.28 412.66 659.63 407
659.63 407 658.95 331.47
658.95 331.47 663.04 324.18
663.04 324.18 669.97 321.75
669.97 321.75 671.32 314.56
671.32 314.56 680.02 309.61
680.02 309.61 684.86 309.48
684.86 309.48 684.86 224.85
684.86 224.85 686.86 213.32
686.86 213.32 688.34 211.61
688.34 211.61 772.73 211.37
772.73 211.37 774.79 212.92
774.79 212.92 776.64 223.08
776.64 223.08 808.19 223.1
808.19 223.1 817.15 224.22
817.15 224.22 818.89 225.69
818.89 225.69 819 311.24
819 311.24 817.31 312.96
817.31 312.96 808.45 314.1
808.45 314.1 789.04 314.13
789.04 314.13 790.86 316.4
790.86 316.4 790.98 321.51
790.98 321.51 798.39 324.52
798.39 324.52 801.69 330.9
801.69 330.9 801.48 406.23
801.48 406.23 797.78 412.06
797.78 412.06 790.93 414.58
790.93 414.58 790.88 419.54
790.88 419.54 789.52 421.63
789.52 421.63 781.8 425.98
781.8 425.98 773.98 426.66
773.98 426.66 679.69 426.6
607.15 0 818.12 0
818.12 0 819 191.3
819 191.3 814.53 210.99
814.53 210.99 613.1 211.86
613.1 211.86 610.35 209.6
610.35 209.6 606.28 188.98
606.28 188.98 607.15 0
623.291 248.193 624.811 249.753
624.811 249.753 627.111 262.723
627.111 262.723 672.471 263.383
672.471 263.383 679.241 266.543
679.241 266.543 683.331 272.703
683.331 272.703 683.941 297.303
683.941 297.303 681.191 305.223
681.191 305.223 673.671 309.893
673.671 309.893 647.561 310.563
647.561 310.563 647.141 342.393
647.141 342.393 643.641 345.813
643.641 345.813 627.661 351.623
627.661 351.623 627.661 385.753
627.661 385.753 644.361 391.833
644.361 391.833 647.161 395.313
647.161 395.313 647.261 428.123
647.261 428.123 645.591 430.153
645.591 430.153 630.701 430.283
630.701 430.283 624.791 432.913
624.791 432.913 578.471 432.683
578.471 432.683 574.751 429.323
574.751 429.323 564.301 426.493
564.301 426.493 562.141 424.343
562.141 424.343 561.841 392.753
561.841 392.753 535.741 391.823
535.741 391.823 529.501 388.203
529.501 388.203 525.961 382.423
525.961 382.423 525.351 358.073
525.351 358.073 528.091 350.153
528.091 350.153 535.621 345.483
535.621 345.483 561.731 344.813
561.731 344.813 562.151 312.983
562.151 312.983 565.651 309.563
565.651 309.563 581.611 303.753
581.611 303.753 581.621 265.913
581.621 265.913 584.521 249.513
584.521 249.513 586.441 248.063
586.441 248.063 623.291 248.193
30.6 409.554 19.28 403.164
19.28 403.164 18.76 385.244
18.76 385.244 7.14 384.144
7.14 384.144 1.51 379.654
1.51 379.654 0 374.304
0 374.304 0.08 219.114
0.08 219.114 1.71 214.614
1.71 214.614 6.35 210.284
6.35 210.284 19.19 208.384
19.19 208.384 19.21 192.554
19.21 192.554 20.49 189.944
20.49 189.944 27.9 187.404
27.9 187.404 31.2 184.564
31.2 184.564 38.34 184.424
38.34 184.424 38.34 116.104
38.34 116.104 24.76 116.054
24.76 116.054 21.53 114.244
21.53 114.244 20.34 111.194
20.34 111.194 20.32 93.0539
20.32 93.0539 21.33 90.2339
21.33 90.2339 24.4 88.0939
24.4 88.0939 38.34 87.8139
38.34 87.8139 38.34 13.0239
38.34 13.0239 41.36 0.563869
41.36 0.563869 288.62 0.183869
288.62 0.183869 290.76 1.94387
290.76 1.94387 293.09 15.0539
293.09 15.0539 365.89 15.0539
365.89 15.0539 378.78 16.1139
378.78 16.1139 380.7 17.5139
380.7 17.5139 381.01 186.034
381.01 186.034 379.04 187.974
379.04 187.974 366.01 189.054
366.01 189.054 306.76 189.064
306.76 189.064 310.68 190.304
310.68 190.304 312.49 192.604
312.49 192.604 312.69 208.444
312.69 208.444 324.7 210.314
324.7 210.314 329.27 214.544
329.27 214.544 330.96 219.054
330.96 219.054 331.02 374.624
331.02 374.624 329.54 379.184
329.54 379.184 324.95 383.724
324.95 383.724 312.52 385.784
312.52 385.784 312.51 401.034
312.51 401.034 311.15 403.634
311.15 403.634 303.93 406.024
303.93 406.024 300.58 408.924
300.58 408.924 291.24 409.574
291.24 409.574 30.6 409.554
819 598.469 817.19 601.169
817.19 601.169 795.87 600.429
795.87 600.429 791.82 595.279
791.82 595.279 792.52 589.019
792.52 589.019 779.01 578.239
779.01 578.239 778.99 602.789
778.99 602.789 777.22 605.189
777.22 605.189 762.87 604.699
762.87 604.699 759.02 600.999
759.02 600.999 758.13 595.809
758.13 595.809 734.84 595.809
734.84 595.809 734.01 600.899
734.01 600.899 730.26 604.639
730.26 604.639 716.19 605.379
716.19 605.379 714 602.959
714 602.959 713.98 578.239
713.98 578.239 700.63 588.889
700.63 588.889 701.08 596.109
701.08 596.109 695.85 601.019
695.85 601.019 674.13 600.479
674.13 600.479 673.26 581.489
673.26 581.489 664.55 593.369
664.55 593.369 664.05 600.189
664.05 600.189 660.45 604.659
660.45 604.659 635.73 605.699
635.73 605.699 629.5 602.039
629.5 602.039 627.9 593.439
627.9 593.439 613 574.999
613 574.999 600.16 572.719
600.16 572.719 598.12 570.949
598.12 570.949 598.51 483.749
598.51 483.749 613.1 480.519
613.1 480.519 673.83 480.499
673.83 480.499 674.03 476.299
674.03 476.299 677.37 472.579
677.37 472.579 681.46 457.379
681.46 457.379 684.04 454.139
684.04 454.139 713.09 454.069
713.09 454.069 713.9 436.329
713.9 436.329 716.57 431.339
716.57 431.339 721.41 427.819
721.41 427.819 766.04 427.009
766.04 427.009 774.15 428.929
774.15 428.929 779.06 435.079
779.06 435.079 779.87 454.139
779.87 454.139 808.58 454.019
808.58 454.019 811.45 457.169
811.45 457.169 815.37 471.559
815.37 471.559 819 476.539
819 476.539 819 598.469
0 426.001 1.81 423.301
1.81 423.301 23.13 424.041
23.13 424.041 27.18 429.191
27.18 429.191 26.48 435.451
26.48 435.451 39.99 446.231
39.99 446.231 40.01 421.681
40.01 421.681 41.78 419.281
41.78 419.281 56.13 419.771
56.13 419.771 59.98 423.471
59.98 423.471 60.87 428.661
60.87 428.661 84.16 428.661
84.16 428.661 84.99 423.571
84.99 423.571 88.74 419.831
88.74 419.831 102.81 419.091
102.81 419.091 105 421.511
105 421.511 105.02 446.231
105.02 446.231 118.37 435.581
118.37 435.581 117.92 428.361
117.92 428.361 123.15 423.451
123.15 423.451 144.87 423.991
144.87 423.991 145.74 442.981
145.74 442.981 154.45 431.101
154.45 431.101 154.95 424.281
154.95 424.281 158.55 419.811
158.55 419.811 183.27 418.771
183.27 418.771 189.5 422.431
189.5 422.431 191.1 431.031
191.1 431.031 206 449.471
206 449.471 218.84 451.751
218.84 451.751 220.88 453.521
220.88 453.521 220.49 540.721
220.49 540.721 205.9 543.951
205.9 543.951 145.17 543.971
145.17 543.971 144.97 548.171
144.97 548.171 141.63 551.891
141.63 551.891 137.54 567.091
137.54 567.091 134.96 570.331
134.96 570.331 105.91 570.401
105.91 570.401 105.1 588.141
105.1 588.141 102.43 593.131
102.43 593.131 97.59 596.651
97.59 596.651 52.96 597.461
52.96 597.461 44.85 595.541
44.85 595.541 39.94 589.391
39.94 589.391 39.13 570.331
39.13 570.331 10.42 570.451
10.42 570.451 7.55 567.301
7.55 567.301 3.63 552.911
3.63 552.911 0 547.931
0 547.931 0 426.001
0 0 0 0
