3045.73 145.881 3089.65 16.5694
3089.65 16.5694 3084.28 44.2278
3084.28 44.2278 3084.28 132.368
3084.28 132.368 3052.35 138
3052.35 138 3045.73 145.881
3423.43 0 3980.35 65.5656
3980.35 65.5656 3924.72 65.5657
3924.72 65.5657 3908.78 77.799
3908.78 77.799 3893.24 113.62
3893.24 113.62 3893.24 131.131
3893.24 131.131 3549.35 131.131
3549.35 131.131 3548 109.175
3548 109.175 3533.81 77.7988
3533.81 77.7988 3517.87 65.5654
3517.87 65.5654 3456.88 68.0544
3456.88 68.0544 3451.51 16.569
3451.51 16.569 3423.43 0
3988.32 72.8717 4000 139.131
4000 139.131 3992.69 122.866
3992.69 122.866 3988.32 72.8717
3980.71 714.818 3897.82 775.341
3897.82 775.341 3905.64 759.819
3905.64 759.819 3907.59 717.748
3907.59 717.748 3968.52 720.212
3968.52 720.212 3980.71 714.818
3568.45 785.777 3052.34 647.777
3052.34 647.777 3092 654.646
3092 654.646 3442.53 654.646
3442.53 654.646 3442.68 673.719
3442.68 673.719 3461.81 714.818
3461.81 714.818 3474.01 720.212
3474.01 720.212 3534.99 717.738
3534.99 717.738 3536.95 759.819
3536.95 759.819 3544.76 775.341
3544.76 775.341 3568.45 785.777
