948.35 354.651 946.17 356.271
946.17 356.271 893.85 356.141
893.85 356.141 892.23 353.961
892.23 353.961 892.36 20.6411
892.36 20.6411 894.37 19.1511
894.37 19.1511 946.34 19.1511
946.34 19.1511 948.35 20.6411
948.35 20.6411 948.48 185.261
948.48 185.261 948.35 354.651
712.897 354.12 707.107 348.03
707.107 348.03 706.217 336.81
706.217 336.81 676.007 321
676.007 321 676.007 369.28
676.007 369.28 674.847 371.45
674.847 371.45 662.637 371.92
662.637 371.92 656.607 369.7
656.607 369.7 652.747 364.46
652.747 364.46 652.157 355.52
652.157 355.52 622.847 355.52
622.847 355.52 622.297 364.29
622.297 364.29 618.687 369.46
618.687 369.46 613.707 371.52
613.707 371.52 600.607 371.55
600.607 371.55 599.007 369.6
599.007 369.6 599.007 321
599.007 321 569.257 336.57
569.257 336.57 567.677 348.39
567.677 348.39 563.227 352.89
563.227 352.89 557.277 354.85
557.277 354.85 527.137 354.21
527.137 354.21 526.087 329.06
526.087 329.06 514.517 352.69
514.517 352.69 514.157 363.79
514.157 363.79 510.707 369.42
510.707 369.42 505.267 371.55
505.267 371.55 481.937 371.52
481.937 371.52 476.947 369.82
476.947 369.82 472.907 364.34
472.907 364.34 472.437 352.96
472.437 352.96 454.407 318.81
454.407 318.81 440.877 316.38
440.877 316.38 439.417 314.56
439.417 314.56 439.517 255.66
439.517 255.66 441.037 254.1
441.037 254.1 454.607 251.67
454.607 251.67 454.607 177.92
454.607 177.92 456.397 170.26
456.397 170.26 461.727 165.13
461.727 165.13 466.897 163.47
466.897 163.47 519.727 163.44
519.727 163.44 524.797 164.85
524.797 164.85 529.657 169.17
529.657 169.17 532.317 175.67
532.317 175.67 532.947 217.26
532.947 217.26 535.017 215.68
535.017 215.68 590.977 216.27
590.977 216.27 595.737 221.16
595.737 221.16 605.107 251.23
605.107 251.23 669.917 251.23
669.917 251.23 679.167 221.5
679.167 221.5 683.907 216.24
683.907 216.24 742.497 216.09
742.497 216.09 746.707 250.67
746.707 250.67 748.007 253.6
748.007 253.6 748.007 352.52
748.007 352.52 745.357 355.17
745.357 355.17 712.897 354.12
220.974 236.905 222.924 234.515
222.924 234.515 227.444 222.985
227.444 222.985 243.214 222.265
243.214 222.265 244.614 210.975
244.614 210.975 250.664 204.745
250.664 204.745 317.514 204.405
317.514 204.405 324.224 210.545
324.224 210.545 325.894 222.835
325.894 222.835 339.494 222.855
339.494 222.855 342.114 224.215
342.114 224.215 345.094 233.595
345.094 233.595 347.934 236.775
347.934 236.775 348.134 240.975
348.134 240.975 421.724 240.975
421.724 240.975 434.754 243.245
434.754 243.245 436.464 244.725
436.464 244.725 436.704 341.595
436.704 341.595 435.154 343.645
435.154 343.645 424.914 345.515
424.914 345.515 424.214 372.645
424.214 372.645 421.644 378.145
421.644 378.145 416.374 382.255
416.374 382.255 350.424 382.595
350.424 382.595 343.714 376.455
343.714 376.455 342.044 364.165
342.044 364.165 328.444 364.145
328.444 364.145 325.824 362.785
325.824 362.785 322.824 353.345
322.824 353.345 320.014 350.245
320.014 350.245 319.784 346.015
319.784 346.015 249.154 346.015
249.154 346.015 248.924 350.245
248.924 350.245 246.694 352.705
246.694 352.705 242.614 363.975
242.614 363.975 226.014 364.925
226.014 364.925 223.494 362.395
223.494 362.395 223.434 349.195
223.434 349.195 220.914 343.525
220.914 343.525 220.974 236.905
753.732 377.608 751.942 376.418
751.942 376.418 748.642 359.908
748.642 359.908 748.642 24.1978
748.642 24.1978 750.032 22.1178
750.032 22.1178 886.212 21.8878
886.212 21.8878 888.642 23.5078
888.642 23.5078 888.862 358.758
888.862 358.758 885.412 376.288
885.412 376.288 883.622 377.608
883.622 377.608 753.732 377.608
145.907 454.77 162.287 451.87
162.287 451.87 229.517 451.86
229.517 451.86 238.637 422.7
238.637 422.7 243.367 417.65
243.367 417.65 297.937 416.96
297.937 416.96 300.247 418.6
300.247 418.6 300.807 378.18
300.807 378.18 303.177 371.76
303.177 371.76 307.897 367.18
307.897 367.18 314.777 365.1
314.777 365.1 366.617 365.64
366.617 365.64 373.287 369.77
373.287 369.77 376.927 376.98
376.927 376.98 377.647 418.51
377.647 418.51 378.927 417.6
378.927 417.6 433.507 417.61
433.507 417.61 437.407 420.32
437.407 420.32 443.547 442.94
443.547 442.94 447.177 447.92
447.177 447.92 447.157 507.89
447.157 507.89 444.597 513.37
444.597 513.37 441.947 543.06
441.947 543.06 439.377 545.04
439.377 545.04 384.477 544.46
384.477 544.46 379.717 539.56
379.717 539.56 370.547 510.23
370.547 510.23 307.227 510.23
307.227 510.23 298.107 539.4
298.107 539.4 293.377 544.45
293.377 544.45 238.807 545.14
238.807 545.14 236.507 543.51
236.507 543.51 235.937 583.92
235.937 583.92 233.567 590.34
233.567 590.34 228.847 594.92
228.847 594.92 221.967 597
221.967 597 170.017 596.46
170.017 596.46 163.087 592.02
163.087 592.02 159.747 584.49
159.747 584.49 159.167 509.68
159.167 509.68 146.047 507.36
146.047 507.36 144.607 505.72
144.607 505.72 144.577 456.56
144.577 456.56 145.907 454.77
204.339 107.88 203.099 109.69
203.099 109.69 189.669 112.07
189.669 112.07 122.019 112.07
122.019 112.07 121.789 116.3
121.789 116.3 119.149 119.22
119.149 119.22 115.929 128.93
115.929 128.93 113.279 130.2
113.279 130.2 100.179 130.22
100.179 130.22 97.9994 142.55
97.9994 142.55 93.1494 147.15
93.1494 147.15 86.2294 149.06
86.2294 149.06 30.6994 148.27
30.6994 148.27 24.4394 142.33
24.4394 142.33 22.9794 130.78
22.9794 130.78 7.30936 130.07
7.30936 130.07 2.68936 118.28
2.68936 118.28 0.839363 116.23
0.839363 116.23 0.609363 39.91
0.609363 39.91 3.29936 33.86
3.29936 33.86 3.35936 20.83
3.35936 20.83 5.37936 18.37
5.37936 18.37 22.4194 19.02
22.4194 19.02 26.7194 30.53
26.7194 30.53 28.7894 32.81
28.7894 32.81 29.0194 37.04
29.0194 37.04 93.6494 37.04
93.6494 37.04 93.8794 32.81
93.8794 32.81 96.6894 29.71
96.6894 29.71 99.6894 20.27
99.6894 20.27 102.309 18.91
102.309 18.91 115.909 18.89
115.909 18.89 117.429 6.84
117.429 6.84 123.629 0.84
123.629 0.84 180.639 0
180.639 0 187.869 2.92
187.869 2.92 191.969 8.96
191.969 8.96 192.879 37.56
192.879 37.56 203.099 39.42
203.099 39.42 204.329 41.22
204.329 41.22 204.339 107.88
139.36 552.177 137.21 556.987
137.21 556.987 136.68 567.287
136.68 567.287 134.44 568.627
134.44 568.627 111.79 568.527
111.79 568.527 108.63 566.157
108.63 566.157 103.57 554.537
103.57 554.537 80.48 554.537
80.48 554.537 73.18 568.487
73.18 568.487 50.16 568.917
50.16 568.917 49.55 589.037
49.55 589.037 45.72 594.837
45.72 594.837 40.75 596.357
40.75 596.357 22.78 596.327
22.78 596.327 17.89 594.737
17.89 594.737 14.06 588.777
14.06 588.777 13.56 554.057
13.56 554.057 1.7 551.907
1.7 551.907 0 549.707
0 549.707 0.37 407.387
0.37 407.387 12.7 404.357
12.7 404.357 43.25 404.347
43.25 404.347 50.55 390.407
50.55 390.407 73.34 389.977
73.34 389.977 74.33 369.297
74.33 369.297 78.2 364.117
78.2 364.117 82.79 362.527
82.79 362.527 101.18 362.567
101.18 362.567 106.08 364.407
106.08 364.407 109.57 370.087
109.57 370.087 110.13 390.007
110.13 390.007 132.97 390.397
132.97 390.397 139.36 401.597
139.36 401.597 139.36 552.177
669.976 372.79 682.366 379.35
682.366 379.35 683.036 395.19
683.036 395.19 693.236 396.22
693.236 396.22 698.676 400.02
698.676 400.02 700.816 405.9
700.816 405.9 700.606 471.62
700.606 471.62 698.626 476.15
698.626 476.15 694.196 480.05
694.196 480.05 682.496 481.88
682.496 481.88 682.476 495.52
682.476 495.52 681.186 498.15
681.186 498.15 672.576 501.02
672.576 501.02 669.566 503.75
669.566 503.75 664.346 503.98
664.346 503.98 664.346 584.05
664.346 584.05 661.646 596.27
661.646 596.27 496.196 597
496.196 597 492.776 595.33
492.776 595.33 490.316 582.93
490.316 582.93 490.316 503.98
490.316 503.98 485.096 503.75
485.096 503.75 482.146 501.08
482.146 501.08 473.446 498.13
473.446 498.13 472.186 495.5
472.186 495.5 472.166 482.11
472.166 482.11 459.736 479.83
459.736 479.83 455.246 475.01
455.246 475.01 453.516 468.88
453.516 468.88 454.086 402.95
454.086 402.95 459.786 396.54
459.786 396.54 471.596 394.94
471.596 394.94 472.306 379.31
472.306 379.31 485.006 372.77
485.006 372.77 669.976 372.79
454.332 216.46 447.772 228.85
447.772 228.85 431.932 229.52
431.932 229.52 430.902 239.72
430.902 239.72 427.102 245.16
427.102 245.16 421.222 247.3
421.222 247.3 355.502 247.09
355.502 247.09 350.972 245.11
350.972 245.11 347.072 240.68
347.072 240.68 345.242 228.98
345.242 228.98 331.602 228.96
331.602 228.96 328.972 227.67
328.972 227.67 326.102 219.06
326.102 219.06 323.372 216.05
323.372 216.05 323.142 210.83
323.142 210.83 243.072 210.83
243.072 210.83 230.852 208.13
230.852 208.13 230.122 42.68
230.122 42.68 231.792 39.26
231.792 39.26 244.192 36.8
244.192 36.8 323.142 36.8
323.142 36.8 323.372 31.58
323.372 31.58 326.042 28.63
326.042 28.63 328.992 19.93
328.992 19.93 331.622 18.67
331.622 18.67 345.012 18.65
345.012 18.65 347.292 6.22
347.292 6.22 352.112 1.73
352.112 1.73 358.242 0
358.242 0 424.172 0.57
424.172 0.57 430.582 6.27
430.582 6.27 432.182 18.08
432.182 18.08 447.812 18.79
447.812 18.79 454.352 31.49
454.352 31.49 454.332 216.46
224.21 343.917 217.65 356.307
217.65 356.307 201.81 356.977
201.81 356.977 200.78 367.177
200.78 367.177 196.98 372.617
196.98 372.617 191.1 374.757
191.1 374.757 125.38 374.547
125.38 374.547 120.85 372.567
120.85 372.567 116.95 368.137
116.95 368.137 115.12 356.437
115.12 356.437 101.48 356.417
101.48 356.417 98.85 355.127
98.85 355.127 95.98 346.517
95.98 346.517 93.25 343.507
93.25 343.507 93.02 338.287
93.02 338.287 12.95 338.287
12.95 338.287 0.73 335.587
0.73 335.587 0 170.137
0 170.137 1.67 166.717
1.67 166.717 14.07 164.257
14.07 164.257 93.02 164.257
93.02 164.257 93.25 159.037
93.25 159.037 95.92 156.087
95.92 156.087 98.87 147.387
98.87 147.387 101.5 146.127
101.5 146.127 114.89 146.107
114.89 146.107 117.17 133.677
117.17 133.677 121.99 129.187
121.99 129.187 128.12 127.457
128.12 127.457 194.05 128.027
194.05 128.027 200.46 133.727
200.46 133.727 202.06 145.537
202.06 145.537 217.69 146.247
217.69 146.247 224.23 158.947
224.23 158.947 224.21 343.917
713.22 0.02 725.61 6.58
725.61 6.58 726.28 22.42
726.28 22.42 736.48 23.45
736.48 23.45 741.92 27.25
741.92 27.25 744.06 33.13
744.06 33.13 743.85 98.85
743.85 98.85 741.87 103.38
741.87 103.38 737.44 107.28
737.44 107.28 725.74 109.11
725.74 109.11 725.72 122.75
725.72 122.75 724.43 125.38
724.43 125.38 715.82 128.25
715.82 128.25 712.81 130.98
712.81 130.98 707.59 131.21
707.59 131.21 707.59 211.28
707.59 211.28 704.89 223.5
704.89 223.5 539.44 224.23
539.44 224.23 536.02 222.56
536.02 222.56 533.56 210.16
533.56 210.16 533.56 131.21
533.56 131.21 528.34 130.98
528.34 130.98 525.39 128.31
525.39 128.31 516.69 125.36
516.69 125.36 515.43 122.73
515.43 122.73 515.41 109.34
515.41 109.34 502.98 107.06
502.98 107.06 498.49 102.24
498.49 102.24 496.76 96.11
496.76 96.11 497.33 30.18
497.33 30.18 503.03 23.77
503.03 23.77 514.84 22.17
514.84 22.17 515.55 6.54
515.55 6.54 528.25 0
528.25 0 713.22 0.02
711.945 380.54 718.505 368.15
718.505 368.15 734.345 367.48
734.345 367.48 735.375 357.28
735.375 357.28 739.175 351.84
739.175 351.84 745.055 349.7
745.055 349.7 810.775 349.91
810.775 349.91 815.305 351.89
815.305 351.89 819.205 356.32
819.205 356.32 821.035 368.02
821.035 368.02 834.675 368.04
834.675 368.04 837.305 369.33
837.305 369.33 840.175 377.94
840.175 377.94 842.905 380.95
842.905 380.95 843.135 386.17
843.135 386.17 923.205 386.17
923.205 386.17 935.425 388.87
935.425 388.87 936.155 554.32
936.155 554.32 934.485 557.74
934.485 557.74 922.085 560.2
922.085 560.2 843.135 560.2
843.135 560.2 842.905 565.42
842.905 565.42 840.235 568.37
840.235 568.37 837.285 577.07
837.285 577.07 834.655 578.33
834.655 578.33 821.265 578.35
821.265 578.35 818.985 590.78
818.985 590.78 814.165 595.27
814.165 595.27 808.035 597
808.035 597 742.105 596.43
742.105 596.43 735.695 590.73
735.695 590.73 734.095 578.92
734.095 578.92 718.465 578.21
718.465 578.21 711.925 565.51
711.925 565.51 711.945 380.54
0 0 0 0
