6.11778 12.5311 16.1178 12.5311
16.1178 12.5311 16.1178 22.5311
16.1178 22.5311 6.11778 22.5311
6.11778 22.5311 6.11778 12.5311
21.7149 24.406 11.7149 24.406
11.7149 24.406 11.7149 14.406
11.7149 14.406 21.7149 14.406
21.7149 14.406 21.7149 24.406
9.01817 14.1518 9.01817 28.1518
9.01817 28.1518 0.0181683 28.1518
0.0181683 28.1518 0.0181683 14.1518
0.0181683 14.1518 9.01817 14.1518
9.08077 35.8462 9.08077 21.8462
9.08077 21.8462 16.0808 28.8462
16.0808 28.8462 9.08077 35.8462
32.1692 0.253878 32.1692 9.25388
32.1692 9.25388 18.1692 0.253878
18.1692 0.253878 32.1692 0.253878
0 0 14 0
14 0 14 14
14 14 0 14
0 14 0 0
9.00955 28.7511 5.00955 38.7511
5.00955 38.7511 0.00955341 38.7511
0.00955341 38.7511 0.00955341 28.7511
0.00955341 28.7511 9.00955 28.7511
26.859 28.5526 31.859 28.5526
31.859 28.5526 31.859 37.5526
31.859 37.5526 26.859 37.5526
26.859 37.5526 26.859 28.5526
31.6949 14.027 17.6949 14.027
17.6949 14.027 17.6949 0.0270162
17.6949 0.0270162 31.6949 14.027
22.0759 14.2153 32.0759 14.2153
32.0759 14.2153 32.0759 24.2153
32.0759 24.2153 22.0759 28.2153
22.0759 28.2153 22.0759 14.2153
26.7101 28.2846 22.7101 36.2846
22.7101 36.2846 18.7101 28.2846
18.7101 28.2846 26.7101 28.2846
24.2055 38.9354 10.2055 38.9354
10.2055 38.9354 17.2055 26.9354
17.2055 26.9354 24.2055 38.9354
0 0 0 0
