3630.53 -302.136 3637.05 -309.998
3637.05 -309.998 3681.05 -317.634
3681.05 -317.634 3986.22 -317.634
3986.22 -317.634 4016.4 -422.749
4016.4 -422.749 4037.81 -439.183
4037.81 -439.183 4172.91 -439.184
4172.91 -439.184 4180.88 -431.881
4180.88 -431.881 4183.57 -401.207
4183.57 -401.207 4183.57 -507.379
4183.57 -507.379 4191.49 -543.513
4191.49 -543.513 4223.89 -560.733
4223.89 -560.733 4470.49 -560.733
4470.49 -560.733 4502.89 -543.513
4502.89 -543.513 4510.81 -507.379
4510.81 -507.379 4510.81 -401.2
4510.81 -401.2 4513.5 -431.88
4513.5 -431.88 4521.47 -439.183
4521.47 -439.183 4656.51 -439.183
4656.51 -439.183 4677.93 -422.749
4677.93 -422.749 4698.77 -344.956
4698.77 -344.956 4708.1 -332.311
4708.1 -332.311 4708.1 80.2437
4708.1 80.2437 4698.77 92.8885
4698.77 92.8885 4677.93 170.681
4677.93 170.681 4656.51 187.116
4656.51 187.116 4521.47 187.116
4521.47 187.116 4513.5 179.812
4513.5 179.812 4510.81 149.131
4510.81 149.131 4510.81 257.352
4510.81 257.352 4507.93 280.295
4507.93 280.295 4489.26 303.757
4489.26 303.757 4470.27 308.665
4470.27 308.665 4224.11 308.666
4224.11 308.666 4202.24 301.994
4202.24 301.994 4186.45 280.295
4186.45 280.295 4183.57 257.352
4183.57 257.352 4183.57 149.14
4183.57 149.14 4180.88 179.813
4180.88 179.813 4172.91 187.116
4172.91 187.116 4037.81 187.116
4037.81 187.116 4016.4 170.681
4016.4 170.681 3986.22 65.5657
3986.22 65.5657 3980.35 65.5656
3980.35 65.5656 3980.35 65.5656
3980.35 65.5656 3988.32 72.8717
3988.32 72.8717 3992.69 122.866
3992.69 122.866 4000 139.131
4000 139.131 4000 672.158
4000 672.158 3980.71 714.818
3980.71 714.818 3968.52 720.212
3968.52 720.212 3907.59 717.748
3907.59 717.748 3905.64 759.819
3905.64 759.819 3897.82 775.341
3897.82 775.341 3874.14 785.777
3874.14 785.777 3568.45 785.777
3568.45 785.777 3544.76 775.341
3544.76 775.341 3536.95 759.819
3536.95 759.819 3534.99 717.738
3534.99 717.738 3474.01 720.212
3474.01 720.212 3461.81 714.818
3461.81 714.818 3442.68 673.719
3442.68 673.719 3442.53 654.646
3442.53 654.646 3092 654.646
3092 654.646 3052.34 647.777
3052.34 647.777 3045.75 639.896
3045.75 639.896 3045.73 145.881
3045.73 145.881 3052.35 138
3052.35 138 3084.28 132.368
3084.28 132.368 3084.28 44.2278
3084.28 44.2278 3089.65 16.5694
3089.65 16.5694 3117.74 0.00036621
3117.74 0.00036621 3423.43 0
3423.43 0 3630.53 24.3818
3630.53 24.3818 3630.53 -302.136
3045.73 145.881 3089.65 16.5694
3089.65 16.5694 3637.05 -309.998
3637.05 -309.998 4223.89 -560.733
4223.89 -560.733 4470.49 -560.733
4470.49 -560.733 4502.89 -543.513
4502.89 -543.513 4656.51 -439.183
4656.51 -439.183 4677.93 -422.749
4677.93 -422.749 4708.1 -332.311
4708.1 -332.311 4708.1 80.2437
4708.1 80.2437 4677.93 170.681
4677.93 170.681 3980.71 714.818
3980.71 714.818 3897.82 775.341
3897.82 775.341 3874.14 785.777
3874.14 785.777 3568.45 785.777
3568.45 785.777 3052.34 647.777
3052.34 647.777 3045.75 639.896
3045.75 639.896 3045.73 145.881
