2054.16 1713.9 2057.61 1700.61
2057.61 1700.61 2078.53 1686.43
2078.53 1686.43 2099.28 1685.05
2099.28 1685.05 2103.16 1645.24
2103.16 1645.24 2144.27 1629.24
2144.27 1629.24 2144.27 1451.83
2144.27 1451.83 2150.39 1416.42
2150.39 1416.42 2158.27 1409.81
2158.27 1409.81 2498.28 1409.81
2498.28 1409.81 2506.15 1416.42
2506.15 1416.42 2512.27 1451.83
2512.27 1451.83 2512.27 1629.24
2512.27 1629.24 2553.38 1645.24
2553.38 1645.24 2557.26 1685.05
2557.26 1685.05 2594.9 1695.05
2594.9 1695.05 2602.4 1714.06
2602.4 1714.06 2602.4 1855.73
2602.4 1855.73 2598.94 1869.18
2598.94 1869.18 2578.01 1883.36
2578.01 1883.36 2557.26 1884.74
2557.26 1884.74 2551.72 1925.59
2551.72 1925.59 2521.28 1940.3
2521.28 1940.3 2135.26 1940.3
2135.26 1940.3 2103.15 1924.3
2103.15 1924.3 2099.28 1884.74
2099.28 1884.74 2078.53 1883.36
2078.53 1883.36 2058.91 1871.31
2058.91 1871.31 2054.14 1855.73
2054.14 1855.73 2054.16 1713.9
0 822.394 0 90.9421
0 90.9421 16.1721 58.1827
16.1721 58.1827 69.7324 54.3047
69.7324 54.3047 72.349 23.2118
72.349 23.2118 87.6622 4.00806
87.6622 4.00806 103.188 0
103.188 0 533.6 0
533.6 0 549.125 4.00867
549.125 4.00867 565.1 25.9572
565.1 25.9572 567.055 54.3053
567.055 54.3053 611.663 54.2278
611.663 54.2278 621.958 59.8458
621.958 59.8458 636.843 90.9428
636.843 90.9428 636.843 108.454
636.843 108.454 831.969 108.454
831.969 108.454 831.969 73.9345
831.969 73.9345 848.473 57.4306
848.473 57.4306 893.827 57.4306
893.827 57.4306 910.331 73.9345
910.331 73.9345 910.331 108.454
910.331 108.454 1112.09 108.454
1112.09 108.454 1151.75 115.322
1151.75 115.322 1158.36 123.206
1158.36 123.206 1158.36 815.647
1158.36 815.647 1151.75 823.526
1151.75 823.526 1117.26 829.879
1117.26 829.879 1117.26 1035.93
1117.26 1035.93 1114.45 1070.6
1114.45 1070.6 1106.48 1077.95
1106.48 1077.95 635.823 1077.95
635.823 1077.95 627.85 1070.6
627.85 1070.6 625.039 1035.93
625.039 1035.93 625.039 863.646
625.039 863.646 610.019 884.621
610.019 884.621 567.055 884.543
567.055 884.543 565.1 910.986
565.1 910.986 555.489 928.317
555.489 928.317 533.6 936.943
533.6 936.943 103.188 936.943
103.188 936.943 87.6623 932.935
87.6623 932.935 72.3495 913.731
72.3495 913.731 69.7324 884.544
69.7324 884.544 17.7583 880.664
17.7583 880.664 1.58691 847.906
1.58691 847.906 0 822.394
2239 1129.58 2256.97 1107.97
2256.97 1107.97 2301.91 1106.21
2301.91 1106.21 2313.67 1077.58
2313.67 1077.58 2527.72 1077.58
2527.72 1077.58 2535.6 1084.19
2535.6 1084.19 2540.72 1113.92
2540.72 1113.92 2540.72 1206.5
2540.72 1206.5 2565.94 1217.11
2565.94 1217.11 2571.41 1240.18
2571.41 1240.18 2592.66 1244.61
2592.66 1244.61 2602.4 1262.97
2602.4 1262.97 2602.4 1330.55
2602.4 1330.55 2590.91 1349.97
2590.91 1349.97 2571.41 1353.34
2571.41 1353.34 2565.94 1376.34
2565.94 1376.34 2546.89 1386.96
2546.89 1386.96 2308.67 1386.96
2308.67 1386.96 2274.77 1379.21
2274.77 1379.21 2273.78 1351.63
2273.78 1351.63 2300.67 1339.72
2300.67 1339.72 2300.67 1253.79
2300.67 1253.79 2270.42 1236.62
2270.42 1236.62 2269.98 1220.11
2269.98 1220.11 2248.73 1215.68
2248.73 1215.68 2238.99 1197.32
2238.99 1197.32 2239 1129.58
2602.4 1370.23 2602.4 1199.19
2602.4 1199.19 2612.38 1176.55
2612.38 1176.55 2627.22 1169.08
2627.22 1169.08 2668.12 1167.15
2668.12 1167.15 2665.84 1110.77
2665.84 1110.77 2671.23 1098.57
2671.23 1098.57 2720.27 1077.58
2720.27 1077.58 3115.82 1077.58
3115.82 1077.58 3170.55 1120.82
3170.55 1120.82 3186.83 1119.12
3186.83 1119.12 3200 1137.44
3200 1137.44 3200 1173.45
3200 1173.45 3192 1181.45
3192 1181.45 3126.99 1181.45
3126.99 1181.45 3161.37 1222.5
3161.37 1222.5 3174.38 1223.27
3174.38 1223.27 3188.31 1241.84
3188.31 1241.84 3188.31 1327.58
3188.31 1327.58 3174.38 1346.15
3174.38 1346.15 3161.36 1346.92
3161.36 1346.92 3126.99 1387.97
3126.99 1387.97 3192 1387.97
3192 1387.97 3200 1395.98
3200 1395.98 3196.16 1443.53
3196.16 1443.53 3170.38 1448.52
3170.38 1448.52 3131.63 1478.68
3131.63 1478.68 3180.31 1478.68
3180.31 1478.68 3188.31 1486.68
3188.31 1486.68 3185.92 1538.14
3185.92 1538.14 3165.63 1548.18
3165.63 1548.18 3165.63 1642.02
3165.63 1642.02 3185.92 1652.06
3185.92 1652.06 3188.31 1703.53
3188.31 1703.53 3180.31 1711.53
3180.31 1711.53 3118.42 1712.12
3118.42 1712.12 3112.7 1744.6
3112.7 1744.6 3104.82 1751.21
3104.82 1751.21 2744.03 1751.21
2744.03 1751.21 2736.16 1744.69
2736.16 1744.69 2729.28 1704.95
2729.28 1704.95 2729.28 1491.9
2729.28 1491.9 2671.23 1470.9
2671.23 1470.9 2665.84 1458.71
2665.84 1458.71 2668.12 1402.27
2668.12 1402.27 2618.24 1397.08
2618.24 1397.08 2602.4 1370.23
1158.36 976.385 1158.36 866.287
1158.36 866.287 1168.12 841.512
1168.12 841.512 1206.84 828.581
1206.84 828.581 1371.52 828.581
1371.52 828.581 1377.9 792.389
1377.9 792.389 1385.78 785.778
1385.78 785.778 1509.8 785.777
1509.8 785.777 1517.67 792.388
1517.67 792.388 1525.29 836.297
1525.29 836.297 1525.29 999.737
1525.29 999.737 1595.26 1022.02
1595.26 1022.02 1607.5 1037.96
1607.5 1037.96 1607.5 1161.53
1607.5 1161.53 1602.92 1168.74
1602.92 1168.74 1688.73 1168.74
1688.73 1168.74 1710.9 1171.51
1710.9 1171.51 1732.66 1188.84
1732.66 1188.84 1737.21 1206.45
1737.21 1206.45 1737.21 1316.54
1737.21 1316.54 1731.01 1336.84
1731.01 1336.84 1710.9 1351.47
1710.9 1351.47 1688.73 1354.25
1688.73 1354.25 1602.94 1354.25
1602.94 1354.25 1607.5 1361.46
1607.5 1361.46 1607.5 1484.98
1607.5 1484.98 1595.26 1500.92
1595.26 1500.92 1546.95 1513.86
1546.95 1513.86 1534.3 1523.19
1534.3 1523.19 1378.28 1523.19
1378.28 1523.19 1362.02 1515.89
1362.02 1515.89 1295.38 1510.06
1295.38 1510.06 1288.08 1502.09
1288.08 1502.09 1288.08 1378.11
1288.08 1378.11 1300.31 1362.17
1300.31 1362.17 1370.28 1339.89
1370.28 1339.89 1370.28 1183.09
1370.28 1183.09 1300.31 1160.82
1300.31 1160.82 1288.08 1144.87
1288.08 1144.87 1288.08 1021.3
1288.08 1021.3 1292.63 1014.09
1292.63 1014.09 1206.84 1014.09
1206.84 1014.09 1184.67 1011.32
1184.67 1011.32 1162.91 993.987
1162.91 993.987 1158.36 976.385
2330.6 484.213 2330.6 237.614
2330.6 237.614 2347.82 205.218
2347.82 205.218 2383.96 197.292
2383.96 197.292 2490.13 197.292
2490.13 197.292 2459.45 194.607
2459.45 194.607 2452.15 186.638
2452.15 186.638 2452.15 51.5934
2452.15 51.5934 2468.59 30.1755
2468.59 30.1755 2546.38 9.33129
2546.38 9.33129 2559.02 0
2559.02 0 2971.58 0
2971.58 0 2984.22 9.33129
2984.22 9.33129 3062.02 30.1755
3062.02 30.1755 3078.45 51.5938
3078.45 51.5938 3078.45 186.638
3078.45 186.638 3071.15 194.607
3071.15 194.607 3040.47 197.292
3040.47 197.292 3148.69 197.292
3148.69 197.292 3171.63 200.175
3171.63 200.175 3195.09 218.848
3195.09 218.848 3200 237.833
3200 237.833 3200 483.994
3200 483.994 3193.33 505.861
3193.33 505.861 3171.63 521.652
3171.63 521.652 3148.69 524.536
3148.69 524.536 3040.47 524.536
3040.47 524.536 3071.15 527.219
3071.15 527.219 3078.45 535.194
3078.45 535.194 3078.45 670.291
3078.45 670.291 3062.02 691.708
3062.02 691.708 2956.9 721.884
2956.9 721.884 2956.9 1027.05
2956.9 1027.05 2949.28 1070.96
2949.28 1070.96 2941.4 1077.58
2941.4 1077.58 2589.2 1077.58
2589.2 1077.58 2581.34 1071.06
2581.34 1071.06 2573.7 1027.05
2573.7 1027.05 2573.7 721.884
2573.7 721.884 2468.59 691.708
2468.59 691.708 2452.15 670.29
2452.15 670.29 2452.15 535.189
2452.15 535.189 2459.45 527.219
2459.45 527.219 2490.13 524.536
2490.13 524.536 2383.96 524.536
2383.96 524.536 2347.82 516.609
2347.82 516.609 2330.6 484.213
1158.38 639.896 1158.36 145.881
1158.36 145.881 1164.98 138
1164.98 138 1196.91 132.368
1196.91 132.368 1196.91 44.2278
1196.91 44.2278 1202.28 16.5694
1202.28 16.5694 1230.37 0.00036621
1230.37 0.00036621 1536.06 0
1536.06 0 1564.14 16.569
1564.14 16.569 1569.51 68.0544
1569.51 68.0544 1630.5 65.5654
1630.5 65.5654 1646.44 77.7988
1646.44 77.7988 1660.63 109.175
1660.63 109.175 1661.98 131.131
1661.98 131.131 2005.87 131.131
2005.87 131.131 2005.87 113.62
2005.87 113.62 2021.41 77.799
2021.41 77.799 2037.35 65.5657
2037.35 65.5657 2092.98 65.5656
2092.98 65.5656 2100.95 72.8717
2100.95 72.8717 2105.32 122.866
2105.32 122.866 2112.63 139.131
2112.63 139.131 2112.63 672.158
2112.63 672.158 2093.34 714.818
2093.34 714.818 2081.15 720.212
2081.15 720.212 2020.22 717.748
2020.22 717.748 2018.27 759.819
2018.27 759.819 2010.45 775.341
2010.45 775.341 1986.77 785.777
1986.77 785.777 1681.08 785.777
1681.08 785.777 1657.39 775.341
1657.39 775.341 1649.58 759.819
1649.58 759.819 1647.62 717.738
1647.62 717.738 1586.64 720.212
1586.64 720.212 1574.44 714.818
1574.44 714.818 1555.31 673.719
1555.31 673.719 1555.16 654.646
1555.16 654.646 1204.63 654.646
1204.63 654.646 1164.97 647.777
1164.97 647.777 1158.38 639.896
0 1528.08 0.00100041 1229.93
0.00100041 1229.93 9.33237 1217.29
9.33237 1217.29 21.8214 1170.68
21.8214 1170.68 37.7628 1158.44
37.7628 1158.44 110.861 1158.44
110.861 1158.44 117.922 1162.76
117.922 1162.76 120.5 1104.25
120.5 1104.25 137.829 1082.49
137.829 1082.49 155.431 1077.95
155.431 1077.95 265.925 1077.95
265.925 1077.95 283.526 1082.49
283.526 1082.49 300.856 1104.25
300.856 1104.25 303.434 1162.7
303.434 1162.7 310.497 1158.44
310.497 1158.44 383.848 1158.44
383.848 1158.44 399.789 1170.68
399.789 1170.68 421.611 1238.94
421.611 1238.94 584.851 1238.94
584.851 1238.94 628.76 1246.56
628.76 1246.56 635.37 1254.44
635.37 1254.44 635.371 1520.58
635.371 1520.58 628.757 1528.46
628.757 1528.46 592.567 1534.84
592.567 1534.84 592.568 1648.31
592.568 1648.31 581.65 1685.5
581.65 1685.5 555.059 1697.07
555.059 1697.07 444.565 1697.07
444.565 1697.07 426.963 1692.53
426.963 1692.53 409.634 1670.77
409.634 1670.77 407.056 1612.3
407.056 1612.3 399.995 1616.58
399.995 1616.58 326.642 1616.58
326.642 1616.58 310.701 1604.34
310.701 1604.34 288.879 1536.08
288.879 1536.08 132.476 1536.08
132.476 1536.08 110.655 1604.34
110.655 1604.34 94.7141 1616.58
94.7141 1616.58 21.124 1616.58
21.124 1616.58 13.1544 1609.27
13.1544 1609.27 7.50788 1544.74
7.50788 1544.74 0 1528.08
1877.76 785.777 2218.03 785.777
2218.03 785.777 2226.03 793.777
2226.03 793.777 2226.03 840.218
2226.03 840.218 2211.88 859.892
2211.88 859.892 2194.84 858.256
2194.84 858.256 2162.2 899.164
2162.2 899.164 2230.08 899.164
2230.08 899.164 2237.47 904.11
2237.47 904.11 2234.5 947.154
2234.5 947.154 2212.56 956.266
2212.56 956.266 2212.56 1025.31
2212.56 1025.31 2235.51 1036.07
2235.51 1036.07 2238.08 1074.41
2238.08 1074.41 2230.06 1082.41
2230.06 1082.41 2162.2 1082.41
2162.2 1082.41 2194.84 1123.31
2194.84 1123.31 2211.88 1121.68
2211.88 1121.68 2226.03 1141.35
2226.03 1141.35 2226.03 1187.79
2226.03 1187.79 2218.03 1195.79
2218.03 1195.79 2168.1 1195.79
2168.1 1195.79 2207.18 1224.44
2207.18 1224.44 2231.52 1230.05
2231.52 1230.05 2238.08 1245.2
2238.08 1245.2 2238.08 1303.3
2238.08 1303.3 2232.46 1317.5
2232.46 1317.5 2207.47 1324.06
2207.47 1324.06 2153.89 1367.2
2153.89 1367.2 2147.54 1403.2
2147.54 1403.2 2139.66 1409.81
2139.66 1409.81 1902.26 1409.81
1902.26 1409.81 1894.38 1403.2
1894.38 1403.2 1886.77 1359.29
1886.77 1359.29 1886.77 1195.85
1886.77 1195.85 1824.22 1175.56
1824.22 1175.56 1811.99 1159.62
1811.99 1159.62 1811.99 1090.1
1811.99 1090.1 1815.43 1083.54
1815.43 1083.54 1762.03 1081.62
1762.03 1081.62 1745.46 1072.43
1745.46 1072.43 1737.21 1051.5
1737.21 1051.5 1737.21 930.067
1737.21 930.067 1753.05 903.217
1753.05 903.217 1815.45 898.03
1815.45 898.03 1811.99 891.468
1811.99 891.468 1811.99 822.008
1811.99 822.008 1824.22 806.066
1824.22 806.066 1865.11 795.108
1865.11 795.108 1877.76 785.777
0 0 0 0
