0.000110516 28.1923 10.0001 28.1923
10.0001 28.1923 10.0001 38.1923
10.0001 38.1923 0.000110516 38.1923
0.000110516 38.1923 0.000110516 28.1923
20.1727 39 10.1727 39
10.1727 39 10.1727 29
10.1727 29 20.1727 29
20.1727 29 20.1727 39
19.0117 15 19.0117 29
19.0117 29 10.0117 29
10.0117 29 10.0117 15
10.0117 15 19.0117 15
32.4 14 32.4 28
32.4 28 25.4 21
25.4 21 32.4 14
19.0446 13.9997 28.0446 13.9997
28.0446 13.9997 19.0446 27.9997
19.0446 27.9997 19.0446 13.9997
14.0001 0.00597392 14.0001 14.006
14.0001 14.006 0.000141564 14.006
0.000141564 14.006 0.000141564 0.00597392
0.000141564 0.00597392 14.0001 0.00597392
29.3268 26.4235 25.3268 36.4235
25.3268 36.4235 20.3268 36.4235
20.3268 36.4235 20.3268 26.4235
20.3268 26.4235 29.3268 26.4235
27.3999 4.16562 32.3999 4.16562
32.3999 4.16562 32.3999 13.1656
32.3999 13.1656 27.3999 13.1656
27.3999 13.1656 27.3999 4.16562
14.5079 2.24221e-05 28.5079 2.24221e-05
28.5079 2.24221e-05 28.5079 14
28.5079 14 14.5079 2.24221e-05
0.009216 14.006 10.0092 14.006
10.0092 14.006 10.0092 24.006
10.0092 24.006 0.009216 28.006
0.009216 28.006 0.009216 14.006
24.3985 38.9933 28.3985 30.9933
28.3985 30.9933 32.3985 38.9933
32.3985 38.9933 24.3985 38.9933
12.8365 16.1653 12.8365 2.16534
12.8365 2.16534 24.8365 9.16534
24.8365 9.16534 12.8365 16.1653
0 0 0 0
