320.23 0 481.63 0
481.63 0 498.17 8.34
498.17 8.34 506.95 26.4
506.95 26.4 506.95 122.792
506.95 122.792 508.18 122.792
508.18 122.792 516.46 126.99
516.46 126.99 517.86 129.02
517.86 129.02 522.25 138.05
522.25 138.05 522.25 243.472
522.25 243.472 534.74 245.64
534.74 245.64 537.55 249.72
537.55 249.72 537.55 581.82
537.55 581.82 528.13 600.32
528.13 600.32 520.17 604.293
520.17 604.293 511.88 663.06
511.88 663.06 505.72 675.63
505.72 675.63 501.58 678.6
501.58 678.6 495.382 681.694
495.382 681.694 486.55 744.3
486.55 744.3 483.31 750.94
483.31 750.94 475.03 756.88
475.03 756.88 431.43 756.88
431.43 756.88 423.98 750.94
423.98 750.94 420.09 753.95
420.09 753.95 415.95 756.88
415.95 756.88 371.2 756.88
371.2 756.88 365.96 755.49
365.96 755.49 362.217 750.94
362.217 750.94 356.87 756.88
356.87 756.88 310.97 756.88
310.97 756.88 300.49 753.95
300.49 753.95 295.39 744.3
295.39 744.3 295.39 734.659
295.39 734.659 283.75 734.659
283.75 734.659 282.33 745.36
282.33 745.36 280.71 748.15
280.71 748.15 278.01 752.38
278.01 752.38 273.87 755.49
273.87 755.49 268.95 756.88
268.95 756.88 227.07 756.88
227.07 756.88 220.055 750.94
220.055 750.94 214.79 755.49
214.79 755.49 213.355 756.88
213.355 756.88 211.95 756.88
211.95 756.88 210.514 756.88
210.514 756.88 167.24 756.88
167.24 756.88 161.9 755.49
161.9 755.49 158.211 750.94
158.211 750.94 152.87 756.88
152.87 756.88 129.96 756.88
129.96 756.88 107.01 756.88
107.01 756.88 96.43 753.95
96.43 753.95 91.39 744.3
91.39 744.3 91.39 734.659
91.39 734.659 79.5999 734.659
79.5999 734.659 78.11 745.36
78.11 745.36 72.71 753.95
72.71 753.95 62.87 756.88
62.87 756.88 22.71 756.88
22.71 756.88 16.0502 750.94
16.0502 750.94 10.79 755.49
10.79 755.49 5.87 756.88
5.87 756.88 -37.12 756.88
-37.12 756.88 -42.46 755.49
-42.46 755.49 -45.7993 750.94
-45.7993 750.94 -51.13 756.88
-51.13 756.88 -96.95 756.88
-96.95 756.88 -107.63 753.95
-107.63 753.95 -112.61 744.3
-112.61 744.3 -112.61 734.659
-112.61 734.659 -155.98 734.659
-155.98 734.659 -161.32 732.73
-161.32 732.73 -182.221 712.188
-182.221 712.188 -215.01 712.188
-215.01 712.188 -319.77 609.26
-319.77 609.26 -319.77 245.64
-319.77 245.64 -317.29 238.97
-317.29 238.97 -313.4 194.6
-313.4 194.6 -310.46 188.01
-310.46 188.01 -306.57 143.64
-306.57 143.64 -303.79 139.82
-303.79 139.82 -150.13 139.82
-150.13 139.82 -138.85 142.06
-138.85 142.06 -130.85 151.18
-130.85 151.18 -121.64 185.43
-121.64 185.43 -118.25 189.35
-118.25 189.35 -109.59 189.35
-109.59 189.35 -109.59 185.43
-109.59 185.43 -105.813 181.306
-105.813 181.306 -96.95 146.85
-96.95 146.85 -95.09 144.94
-95.09 144.94 -89.66 139.82
-89.66 139.82 -14.3821 139.82
-14.3821 139.82 -14.3821 138.05
-14.3821 138.05 -12 130.27
-12 130.27 -12 129.02
-12 129.02 -7.54 86.5
-7.54 86.5 -5.17 79.31
-5.17 79.31 -3.78 77.4
-3.78 77.4 1.74 71.87
1.74 71.87 8.22 69.91
8.22 69.91 165.75 69.91
165.75 69.91 171.39 71.87
171.39 71.87 179.66 75.2
179.66 75.2 183.66 79.31
183.66 79.31 188.05 88.79
188.05 88.79 195.398 116.116
195.398 116.116 204.92 82.52
204.92 82.52 215.87 71.87
215.87 71.87 222.35 69.91
222.35 69.91 291.233 69.91
291.233 69.91 291.233 29.36
291.233 29.36 295.39 14.98
295.39 14.98 307.27 3.92
307.27 3.92 320.23 0
320.23 0 320.23 0
320.23 0 320.23 0
