-1.25 -2.5 1.25 -1.5
1.25 -1.5 3.25 -1.5
3.25 -1.5 3.5 -1
3.5 -1 3.5 -0.5
3.5 -0.5 3.5 3
3.5 3 3.5 3.5
3.5 3.5 2.5 3.5
2.5 3.5 0.5 4.5
0.5 4.5 -0.5 4.5
-0.5 4.5 -1.5 6.5
-1.5 6.5 -1.75 5.5
-1.75 5.5 -1.75 2.5
-1.75 2.5 -0.75 2.5
-0.75 2.5 0.25 1.5
0.25 1.5 -1 1.5
-1 1.5 -1.25 0.5
-1.25 0.5 -1.25 -2.5
-1.25 -2.5 1.25 -1.5
1.25 -1.5 3.25 -1.5
3.25 -1.5 3.5 -1
3.5 -1 3.5 -0.5
3.5 -0.5 3.5 3
3.5 3 3.5 3.5
3.5 3.5 2.5 3.5
2.5 3.5 0.5 4.5
0.5 4.5 -0.5 4.5
-0.5 4.5 -1.5 6.5
-1.5 6.5 -1.75 5.5
-1.75 5.5 -1.75 2.5
-1.75 2.5 -0.75 2.5
-0.75 2.5 0.25 1.5
0.25 1.5 -1 1.5
-1 1.5 -1.25 0.5
-1.25 0.5 -1.25 -2.5
