-2 0 2 0
2 0 2.25 1
2.25 1 2.25 1.5
2.25 1.5 3 3
3 3 3.25 4
3.25 4 3.25 4.125
3.25 4.125 5 5
5 5 5.25 6
5.25 6 2.25 6
2.25 6 2 5.5
2 5.5 2 4.75
2 4.75 0.25 3
0.25 3 0.25 5.5
0.25 5.5 -2.75 5.5
-2.75 5.5 -3 5
-3 5 -3 4.5
-3 4.5 -2 2
-2 2 -2 0.5
-2 0.5 -2 0
-1 -1.5 1.5 -0.5
1.5 -0.5 3.5 -0.5
3.5 -0.5 3.75 0.5
3.75 0.5 3.75 4.5
3.75 4.5 2.75 4.5
2.75 4.5 0.75 5.5
0.75 5.5 -0.25 5.5
-0.25 5.5 -1.25 7.5
-1.25 7.5 -1.5 7
-1.5 7 -1.5 6.5
-1.5 6.5 -1.5 4
-1.5 4 -1.5 3.5
-1.5 3.5 -0.5 3.5
-0.5 3.5 0.5 2.5
0.5 2.5 -0.75 2.5
-0.75 2.5 -1 2
-1 2 -1 1.5
-1 1.5 -1 -1
-1 -1 -1 -1.5
-4.5 -6.5 -1.5 -6.5
-1.5 -6.5 -1.25 -5.5
-1.25 -5.5 -1.25 -5.25
-1.25 -5.25 0.5 -3.5
0.5 -3.5 0.5 -5.5
0.5 -5.5 0.5 -6
0.5 -6 3.5 -6
3.5 -6 3.75 -5
3.75 -5 2.75 -2.5
2.75 -2.5 2.75 -0.5
2.75 -0.5 -1.25 -0.5
-1.25 -0.5 -1.5 -1
-1.5 -1 -1.5 -1.5
-1.5 -1.5 -1.5 -2
-1.5 -2 -2.25 -3.5
-2.25 -3.5 -2.5 -4
-2.5 -4 -2.5 -4.625
-2.5 -4.625 -4.25 -5.5
-4.25 -5.5 -4.5 -6
-4.5 -6 -4.5 -6.5
8.5 -9.5 8.75 -8.5
8.75 -8.5 8.75 -5.5
8.75 -5.5 7.75 -5.5
7.75 -5.5 6.75 -4.5
6.75 -4.5 8 -4.5
8 -4.5 8.25 -3.5
8.25 -3.5 8.25 -0.5
8.25 -0.5 5.75 -1.5
5.75 -1.5 3.75 -1.5
3.75 -1.5 3.5 -2
3.5 -2 3.5 -2.5
3.5 -2.5 3.5 -6
3.5 -6 3.5 -6.5
3.5 -6.5 4.5 -6.5
4.5 -6.5 6.5 -7.5
6.5 -7.5 7.5 -7.5
7.5 -7.5 8.5 -9.5
-2.5 0 -2 0
-2 0 1.5 0
1.5 0 2 0
2 0 2 1
2 1 3 3
3 3 3 4
3 4 5 5
5 5 4 5.25
4 5.25 1 5.25
1 5.25 1 4.25
1 4.25 0 3.25
0 3.25 0 4.5
0 4.5 -1 4.75
-1 4.75 -4 4.75
-4 4.75 -3 2.25
-3 2.25 -3 0.25
-3 0.25 -2.5 0
-2.25 -1 1.75 -1
1.75 -1 2 -0.5
2 -0.5 2 0
2 0 2 0.5
2 0.5 2.75 2
2.75 2 3 2.5
3 2.5 3 3
3 3 3 3.125
3 3.125 4.75 4
4.75 4 5 4.5
5 4.5 5 5
5 5 2 5
2 5 1.75 4
1.75 4 1.75 3.75
1.75 3.75 0 2
0 2 0 4
0 4 0 4.5
0 4.5 -3 4.5
-3 4.5 -3.25 3.5
-3.25 3.5 -2.25 1
-2.25 1 -2.25 -1
-1 -0.25 3 -0.25
3 -0.25 3 0.75
3 0.75 4 2.75
4 2.75 4 3.75
4 3.75 6 4.75
6 4.75 5.5 5
5.5 5 5 5
5 5 2.5 5
2.5 5 2 5
2 5 2 4
2 4 1 3
1 3 1 4.25
1 4.25 0.5 4.5
0.5 4.5 0 4.5
0 4.5 -2.5 4.5
-2.5 4.5 -3 4.5
-3 4.5 -2 2
-2 2 -2 0
-2 0 -1 -0.25
