-2 0 2 0
2 0 2.25 1
2.25 1 2.25 1.5
2.25 1.5 3 3
3 3 3.25 4
3.25 4 3.25 4.125
3.25 4.125 5 5
5 5 5.25 6
5.25 6 2.25 6
2.25 6 2 5.5
2 5.5 2 4.75
2 4.75 0.25 3
0.25 3 0.25 5.5
0.25 5.5 -2.75 5.5
-2.75 5.5 -3 5
-3 5 -3 4.5
-3 4.5 -2 2
-2 2 -2 0.5
-2 0.5 -2 0
-2.5 0 -2 0
-2 0 1.5 0
1.5 0 2 0
2 0 2 1
2 1 3 3
3 3 3 4
3 4 5 5
5 5 4 5.25
4 5.25 1 5.25
1 5.25 1 4.25
1 4.25 0 3.25
0 3.25 0 4.5
0 4.5 -1 4.75
-1 4.75 -4 4.75
-4 4.75 -3 2.25
-3 2.25 -3 0.25
-3 0.25 -2.5 0
-2.25 -1 1.75 -1
1.75 -1 2 -0.5
2 -0.5 2 0
2 0 2 0.5
2 0.5 2.75 2
2.75 2 3 2.5
3 2.5 3 3
3 3 3 3.125
3 3.125 4.75 4
4.75 4 5 4.5
5 4.5 5 5
5 5 2 5
2 5 1.75 4
1.75 4 1.75 3.75
1.75 3.75 0 2
0 2 0 4
0 4 0 4.5
0 4.5 -3 4.5
-3 4.5 -3.25 3.5
-3.25 3.5 -2.25 1
-2.25 1 -2.25 -1
-1 -0.25 3 -0.25
3 -0.25 3 0.75
3 0.75 4 2.75
4 2.75 4 3.75
4 3.75 6 4.75
6 4.75 5.5 5
5.5 5 5 5
5 5 2.5 5
2.5 5 2 5
2 5 2 4
2 4 1 3
1 3 1 4.25
1 4.25 0.5 4.5
0.5 4.5 0 4.5
0 4.5 -2.5 4.5
-2.5 4.5 -3 4.5
-3 4.5 -2 2
-2 2 -2 0
-2 0 -1 -0.25
-1 -1.5 1.5 -0.5
1.5 -0.5 3.5 -0.5
3.5 -0.5 3.75 0.5
3.75 0.5 3.75 4.5
3.75 4.5 2.75 4.5
2.75 4.5 0.75 5.5
0.75 5.5 -0.25 5.5
-0.25 5.5 -1.25 7.5
-1.25 7.5 -1.5 7
-1.5 7 -1.5 6.5
-1.5 6.5 -1.5 4
-1.5 4 -1.5 3.5
-1.5 3.5 -0.5 3.5
-0.5 3.5 0.5 2.5
0.5 2.5 -0.75 2.5
-0.75 2.5 -1 2
-1 2 -1 1.5
-1 1.5 -1 -1
-1 -1 -1 -1.5
-1.5 -1.5 -1 -1.5
-1 -1.5 1.5 -0.5
1.5 -0.5 3 -0.5
3 -0.5 3.5 -0.5
3.5 -0.5 3.5 3.5
3.5 3.5 2.5 3.75
2.5 3.75 2 3.75
2 3.75 0.5 4.5
0.5 4.5 -0.5 4.75
-0.5 4.75 -0.625 4.75
-0.625 4.75 -1.5 6.5
-1.5 6.5 -2.5 6.75
-2.5 6.75 -2.5 3.75
-2.5 3.75 -2 3.5
-2 3.5 -1.5 3.5
-1.5 3.5 -1.25 3.5
-1.25 3.5 0.5 1.75
0.5 1.75 -2 1.75
-2 1.75 -2 -1.25
-2 -1.25 -1.5 -1.5
-1.25 -2.5 1.25 -1.5
1.25 -1.5 3.25 -1.5
3.25 -1.5 3.5 -1
3.5 -1 3.5 -0.5
3.5 -0.5 3.5 3
3.5 3 3.5 3.5
3.5 3.5 2.5 3.5
2.5 3.5 0.5 4.5
0.5 4.5 -0.5 4.5
-0.5 4.5 -1.5 6.5
-1.5 6.5 -1.75 5.5
-1.75 5.5 -1.75 2.5
-1.75 2.5 -0.75 2.5
-0.75 2.5 0.25 1.5
0.25 1.5 -1 1.5
-1 1.5 -1.25 0.5
-1.25 0.5 -1.25 -2.5
0 -1.75 2.5 -0.75
2.5 -0.75 4.5 -0.75
4.5 -0.75 4.5 3.25
4.5 3.25 4 3.5
4 3.5 3.5 3.5
3.5 3.5 3 3.5
3 3.5 1.5 4.25
1.5 4.25 1 4.5
1 4.5 0.375 4.5
0.375 4.5 -0.5 6.25
-0.5 6.25 -1 6.5
-1 6.5 -1.5 6.5
-1.5 6.5 -1.5 3.5
-1.5 3.5 -0.5 3.25
-0.5 3.25 -0.25 3.25
-0.25 3.25 1.5 1.5
1.5 1.5 -0.5 1.5
-0.5 1.5 -1 1.5
-1 1.5 -1 -1.5
-1 -1.5 0 -1.75
-3 0 0 0
0 0 0.25 1
0.25 1 0.25 1.25
0.25 1.25 2 3
2 3 2 1
2 1 2 0.5
2 0.5 5 0.5
5 0.5 5.25 1.5
5.25 1.5 4.25 4
4.25 4 4.25 6
4.25 6 0.25 6
0.25 6 0 5.5
0 5.5 0 5
0 5 0 4.5
0 4.5 -0.75 3
-0.75 3 -1 2.5
-1 2.5 -1 1.875
-1 1.875 -2.75 1
-2.75 1 -3 0.5
-3 0.5 -3 0
-3.5 0 -3 0
-3 0 -0.5 0
-0.5 0 0 0
0 0 0 1
0 1 1 2
1 2 1 0.75
1 0.75 1.5 0.5
1.5 0.5 2 0.5
2 0.5 4.5 0.5
4.5 0.5 5 0.5
5 0.5 4 3
4 3 4 5
4 5 3 5.25
3 5.25 -1 5.25
-1 5.25 -1 4.25
-1 4.25 -2 2.25
-2 2.25 -2 1.25
-2 1.25 -4 0.25
-4 0.25 -3.5 0
-3.25 -1 -0.25 -1
-0.25 -1 0 -0.5
0 -0.5 0 0
0 0 0 0.25
0 0.25 1.75 2
1.75 2 1.75 -0.5
1.75 -0.5 4.75 -0.5
4.75 -0.5 5 0
5 0 5 0.5
5 0.5 4 3
4 3 4 4.5
4 4.5 4 5
4 5 0 5
0 5 -0.25 4
-0.25 4 -0.25 3.5
-0.25 3.5 -1 2
-1 2 -1.25 1
-1.25 1 -1.25 0.875
-1.25 0.875 -3 0
-3 0 -3.25 -1
-2 -0.25 1 -0.25
1 -0.25 1 0.75
1 0.75 2 1.75
2 1.75 2 0.5
2 0.5 3 0.25
3 0.25 6 0.25
6 0.25 5 2.75
5 2.75 5 4.75
5 4.75 4.5 5
4.5 5 4 5
4 5 0.5 5
0.5 5 0 5
0 5 0 4
0 4 -1 2
-1 2 -1 1
-1 1 -3 0
-3 0 -2 -0.25
3.5 -1.5 3.75 -0.5
3.75 -0.5 3.75 2.5
3.75 2.5 2.75 2.5
2.75 2.5 1.75 3.5
1.75 3.5 3 3.5
3 3.5 3.25 4.5
3.25 4.5 3.25 7.5
3.25 7.5 0.75 6.5
0.75 6.5 -1.25 6.5
-1.25 6.5 -1.5 6
-1.5 6 -1.5 5.5
-1.5 5.5 -1.5 2
-1.5 2 -1.5 1.5
-1.5 1.5 -0.5 1.5
-0.5 1.5 1.5 0.5
1.5 0.5 2.5 0.5
2.5 0.5 3.5 -1.5
3 -1.5 3.5 -1.5
3.5 -1.5 3.5 1.5
3.5 1.5 2.5 1.75
2.5 1.75 2.25 1.75
2.25 1.75 0.5 3.5
0.5 3.5 2.5 3.5
2.5 3.5 3 3.5
3 3.5 3 6.5
3 6.5 2 6.75
2 6.75 -0.5 5.75
-0.5 5.75 -2.5 5.75
-2.5 5.75 -2.5 1.75
-2.5 1.75 -2 1.5
-2 1.5 -1.5 1.5
-1.5 1.5 -1 1.5
-1 1.5 0.5 0.75
0.5 0.75 1 0.5
1 0.5 1.5 0.5
1.5 0.5 1.625 0.5
1.625 0.5 2.5 -1.25
2.5 -1.25 3 -1.5
3.25 -2.5 3.5 -2
3.5 -2 3.5 -1.5
3.5 -1.5 3.5 1
3.5 1 3.5 1.5
3.5 1.5 2.5 1.5
2.5 1.5 1.5 2.5
1.5 2.5 2.75 2.5
2.75 2.5 3 3
3 3 3 3.5
3 3.5 3 6
3 6 3 6.5
3 6.5 0.5 5.5
0.5 5.5 -1.5 5.5
-1.5 5.5 -1.75 4.5
-1.75 4.5 -1.75 0.5
-1.75 0.5 -0.75 0.5
-0.75 0.5 1.25 -0.5
1.25 -0.5 2.25 -0.5
2.25 -0.5 3.25 -2.5
4.5 -1.75 4.5 1.25
4.5 1.25 4 1.5
4 1.5 3.25 1.5
3.25 1.5 1.5 3.25
1.5 3.25 4 3.25
4 3.25 4 6.25
4 6.25 3.5 6.5
3.5 6.5 3 6.5
3 6.5 0.5 5.5
0.5 5.5 -1 5.5
-1 5.5 -1.5 5.5
-1.5 5.5 -1.5 1.5
-1.5 1.5 -0.5 1.25
-0.5 1.25 0 1.25
0 1.25 1.5 0.5
1.5 0.5 2.5 0.25
2.5 0.25 2.625 0.25
2.625 0.25 3.5 -1.5
3.5 -1.5 4.5 -1.75
