12 0 12 1
12 1 13 3
13 3 13 4
13 4 15 5
15 5 12 5
12 5 12 4
12 4 10 2
10 2 10 4.5
10 4.5 7 4.5
7 4.5 8 2
8 2 8 0
8 0 12 0
3.5 3.5 2.5 3.5
2.5 3.5 0.5 4.5
0.5 4.5 -0.5 4.5
-0.5 4.5 -1.5 6.5
-1.5 6.5 -1.5 3.5
-1.5 3.5 -0.5 3.5
-0.5 3.5 1.5 1.5
1.5 1.5 -1 1.5
-1 1.5 -1 -1.5
-1 -1.5 1.5 -0.5
1.5 -0.5 3.5 -0.5
3.5 -0.5 3.5 3.5
12 0 12 1
12 1 13 3
13 3 13 4
13 4 15 5
15 5 12 5
12 5 12 4
12 4 10 2
10 2 10 4.5
10 4.5 7 4.5
7 4.5 8 2
8 2 8 0
8 0 12 0
3.5 3.5 2.5 3.5
2.5 3.5 0.5 4.5
0.5 4.5 -0.5 4.5
-0.5 4.5 -1.5 6.5
-1.5 6.5 -1.5 3.5
-1.5 3.5 -0.5 3.5
-0.5 3.5 1.5 1.5
1.5 1.5 -1 1.5
-1 1.5 -1 -1.5
-1 -1.5 1.5 -0.5
1.5 -0.5 3.5 -0.5
3.5 -0.5 3.5 3.5
2 0 2 1
2 1 3 3
3 3 3 4
3 4 5 5
5 5 2 5
2 5 2 4
2 4 0 2
0 2 0 4.5
0 4.5 -3 4.5
-3 4.5 -2 2
-2 2 -2 0
-2 0 2 0
12 0 12 1
12 1 13 3
13 3 13 4
13 4 15 5
15 5 12 5
12 5 12 4
12 4 10 2
10 2 10 4.5
10 4.5 7 4.5
7 4.5 8 2
8 2 8 0
8 0 12 0
-0.5 0.5 0 0.25
0 0.25 0.5 0.25
0.5 0.25 -0.5 0.5
3.5 3.5 2.5 3.5
2.5 3.5 0.5 4.5
0.5 4.5 -0.5 4.5
-0.5 4.5 -1.5 6.5
-1.5 6.5 -1.5 3.5
-1.5 3.5 -0.5 3.5
-0.5 3.5 1.5 1.5
1.5 1.5 -1 1.5
-1 1.5 -1 -1.5
-1 -1.5 1.5 -0.5
1.5 -0.5 3.5 -0.5
3.5 -0.5 3.5 3.5
-0.125 -0.125 0.125 0.375
0.125 0.375 0.125 0.875
0.125 0.875 -0.125 -0.125
2 0 2 1
2 1 3 3
3 3 3 4
3 4 5 5
5 5 2 5
2 5 2 4
2 4 0 2
0 2 0 4.5
0 4.5 -3 4.5
-3 4.5 -2 2
-2 2 -2 0
-2 0 2 0
12 0 12 1
12 1 13 3
13 3 13 4
13 4 15 5
15 5 12 5
12 5 12 4
12 4 10 2
10 2 10 4.5
10 4.5 7 4.5
7 4.5 8 2
8 2 8 0
8 0 12 0
-0.5 0.5 0 0.25
0 0.25 0.5 0.25
0.5 0.25 -0.5 0.5
3.5 3.5 2.5 3.5
2.5 3.5 0.5 4.5
0.5 4.5 -0.5 4.5
-0.5 4.5 -1.5 6.5
-1.5 6.5 -1.5 3.5
-1.5 3.5 -0.5 3.5
-0.5 3.5 1.5 1.5
1.5 1.5 -1 1.5
-1 1.5 -1 -1.5
-1 -1.5 1.5 -0.5
1.5 -0.5 3.5 -0.5
3.5 -0.5 3.5 3.5
-0.125 -0.125 0.125 0.375
0.125 0.375 0.125 0.875
0.125 0.875 -0.125 -0.125
2 0 2 1
2 1 3 3
3 3 3 4
3 4 5 5
5 5 2 5
2 5 2 4
2 4 0 2
0 2 0 4.5
0 4.5 -3 4.5
-3 4.5 -2 2
-2 2 -2 0
-2 0 2 0
12 0 12 1
12 1 13 3
13 3 13 4
13 4 15 5
15 5 12 5
12 5 12 4
12 4 10 2
10 2 10 4.5
10 4.5 7 4.5
7 4.5 8 2
8 2 8 0
8 0 12 0
-0.5 0.5 0 0.25
0 0.25 0.5 0.25
0.5 0.25 -0.5 0.5
3.5 3.5 2.5 3.5
2.5 3.5 0.5 4.5
0.5 4.5 -0.5 4.5
-0.5 4.5 -1.5 6.5
-1.5 6.5 -1.5 3.5
-1.5 3.5 -0.5 3.5
-0.5 3.5 1.5 1.5
1.5 1.5 -1 1.5
-1 1.5 -1 -1.5
-1 -1.5 1.5 -0.5
1.5 -0.5 3.5 -0.5
3.5 -0.5 3.5 3.5
-0.125 -0.125 0.125 0.375
0.125 0.375 0.125 0.875
0.125 0.875 -0.125 -0.125
2 0 2 1
2 1 3 3
3 3 3 4
3 4 5 5
5 5 2 5
2 5 2 4
2 4 0 2
0 2 0 4.5
0 4.5 -3 4.5
-3 4.5 -2 2
-2 2 -2 0
-2 0 2 0
12 0 12 1
12 1 13 3
13 3 13 4
13 4 15 5
15 5 12 5
12 5 12 4
12 4 10 2
10 2 10 4.5
10 4.5 7 4.5
7 4.5 8 2
8 2 8 0
8 0 12 0
-0.5 0.5 0 0.25
0 0.25 0.5 0.25
0.5 0.25 -0.5 0.5
3.5 3.5 2.5 3.5
2.5 3.5 0.5 4.5
0.5 4.5 -0.5 4.5
-0.5 4.5 -1.5 6.5
-1.5 6.5 -1.5 3.5
-1.5 3.5 -0.5 3.5
-0.5 3.5 1.5 1.5
1.5 1.5 -1 1.5
-1 1.5 -1 -1.5
-1 -1.5 1.5 -0.5
1.5 -0.5 3.5 -0.5
3.5 -0.5 3.5 3.5
-0.125 -0.125 0.125 0.375
0.125 0.375 0.125 0.875
0.125 0.875 -0.125 -0.125
2 0 2 1
2 1 3 3
3 3 3 4
3 4 5 5
5 5 2 5
2 5 2 4
2 4 0 2
0 2 0 4.5
0 4.5 -3 4.5
-3 4.5 -2 2
-2 2 -2 0
-2 0 2 0
12 0 12 1
12 1 13 3
13 3 13 4
13 4 15 5
15 5 12 5
12 5 12 4
12 4 10 2
10 2 10 4.5
10 4.5 7 4.5
7 4.5 8 2
8 2 8 0
8 0 12 0
-0.5 0.5 0 0.25
0 0.25 0.5 0.25
0.5 0.25 -0.5 0.5
3.5 3.5 2.5 3.5
2.5 3.5 0.5 4.5
0.5 4.5 -0.5 4.5
-0.5 4.5 -1.5 6.5
-1.5 6.5 -1.5 3.5
-1.5 3.5 -0.5 3.5
-0.5 3.5 1.5 1.5
1.5 1.5 -1 1.5
-1 1.5 -1 -1.5
-1 -1.5 1.5 -0.5
1.5 -0.5 3.5 -0.5
3.5 -0.5 3.5 3.5
-0.125 -0.125 0.125 0.375
0.125 0.375 0.125 0.875
0.125 0.875 -0.125 -0.125
2 0 2 1
2 1 3 3
3 3 3 4
3 4 5 5
5 5 2 5
2 5 2 4
2 4 0 2
0 2 0 4.5
0 4.5 -3 4.5
-3 4.5 -2 2
-2 2 -2 0
-2 0 2 0
12 0 12 1
12 1 13 3
13 3 13 4
13 4 15 5
15 5 12 5
12 5 12 4
12 4 10 2
10 2 10 4.5
10 4.5 7 4.5
7 4.5 8 2
8 2 8 0
8 0 12 0
-0.5 0.5 0 0.25
0 0.25 0.5 0.25
0.5 0.25 -0.5 0.5
3.5 3.5 2.5 3.5
2.5 3.5 0.5 4.5
0.5 4.5 -0.5 4.5
-0.5 4.5 -1.5 6.5
-1.5 6.5 -1.5 3.5
-1.5 3.5 -0.5 3.5
-0.5 3.5 1.5 1.5
1.5 1.5 -1 1.5
-1 1.5 -1 -1.5
-1 -1.5 1.5 -0.5
1.5 -0.5 3.5 -0.5
3.5 -0.5 3.5 3.5
-0.125 -0.125 0.125 0.375
0.125 0.375 0.125 0.875
0.125 0.875 -0.125 -0.125
2 0 2 1
2 1 3 3
3 3 3 4
3 4 5 5
5 5 2 5
2 5 2 4
2 4 0 2
0 2 0 4.5
0 4.5 -3 4.5
-3 4.5 -2 2
-2 2 -2 0
-2 0 2 0
12 0 12 1
12 1 13 3
13 3 13 4
13 4 15 5
15 5 12 5
12 5 12 4
12 4 10 2
10 2 10 4.5
10 4.5 7 4.5
7 4.5 8 2
8 2 8 0
8 0 12 0
-0.5 0.5 0 0.25
0 0.25 0.5 0.25
0.5 0.25 -0.5 0.5
3.5 3.5 2.5 3.5
2.5 3.5 0.5 4.5
0.5 4.5 -0.5 4.5
-0.5 4.5 -1.5 6.5
-1.5 6.5 -1.5 3.5
-1.5 3.5 -0.5 3.5
-0.5 3.5 1.5 1.5
1.5 1.5 -1 1.5
-1 1.5 -1 -1.5
-1 -1.5 1.5 -0.5
1.5 -0.5 3.5 -0.5
3.5 -0.5 3.5 3.5
-0.125 -0.125 0.125 0.375
0.125 0.375 0.125 0.875
0.125 0.875 -0.125 -0.125
2 0 2 1
2 1 3 3
3 3 3 4
3 4 5 5
5 5 2 5
2 5 2 4
2 4 0 2
0 2 0 4.5
0 4.5 -3 4.5
-3 4.5 -2 2
-2 2 -2 0
-2 0 2 0
12 0 12 1
12 1 13 3
13 3 13 4
13 4 15 5
15 5 12 5
12 5 12 4
12 4 10 2
10 2 10 4.5
10 4.5 7 4.5
7 4.5 8 2
8 2 8 0
8 0 12 0
-0.5 0.5 0 0.25
0 0.25 0.5 0.25
0.5 0.25 -0.5 0.5
3.5 3.5 2.5 3.5
2.5 3.5 0.5 4.5
0.5 4.5 -0.5 4.5
-0.5 4.5 -1.5 6.5
-1.5 6.5 -1.5 3.5
-1.5 3.5 -0.5 3.5
-0.5 3.5 1.5 1.5
1.5 1.5 -1 1.5
-1 1.5 -1 -1.5
-1 -1.5 1.5 -0.5
1.5 -0.5 3.5 -0.5
3.5 -0.5 3.5 3.5
-0.125 -0.125 0.125 0.375
0.125 0.375 0.125 0.875
0.125 0.875 -0.125 -0.125
2 0 2 1
2 1 3 3
3 3 3 4
3 4 5 5
5 5 2 5
2 5 2 4
2 4 0 2
0 2 0 4.5
0 4.5 -3 4.5
-3 4.5 -2 2
-2 2 -2 0
-2 0 2 0
12 0 12 1
12 1 13 3
13 3 13 4
13 4 15 5
15 5 12 5
12 5 12 4
12 4 10 2
10 2 10 4.5
10 4.5 7 4.5
7 4.5 8 2
8 2 8 0
8 0 12 0
-0.5 0.5 0 0.25
0 0.25 0.5 0.25
0.5 0.25 -0.5 0.5
3.5 3.5 2.5 3.5
2.5 3.5 0.5 4.5
0.5 4.5 -0.5 4.5
-0.5 4.5 -1.5 6.5
-1.5 6.5 -1.5 3.5
-1.5 3.5 -0.5 3.5
-0.5 3.5 1.5 1.5
1.5 1.5 -1 1.5
-1 1.5 -1 -1.5
-1 -1.5 1.5 -0.5
1.5 -0.5 3.5 -0.5
3.5 -0.5 3.5 3.5
-0.125 -0.125 0.125 0.375
0.125 0.375 0.125 0.875
0.125 0.875 -0.125 -0.125
2 0 2 1
2 1 3 3
3 3 3 4
3 4 5 5
5 5 2 5
2 5 2 4
2 4 0 2
0 2 0 4.5
0 4.5 -3 4.5
-3 4.5 -2 2
-2 2 -2 0
-2 0 2 0
12 0 12 1
12 1 13 3
13 3 13 4
13 4 15 5
15 5 12 5
12 5 12 4
12 4 10 2
10 2 10 4.5
10 4.5 7 4.5
7 4.5 8 2
8 2 8 0
8 0 12 0
-0.5 0.5 0 0.25
0 0.25 0.5 0.25
0.5 0.25 -0.5 0.5
3.5 3.5 2.5 3.5
2.5 3.5 0.5 4.5
0.5 4.5 -0.5 4.5
-0.5 4.5 -1.5 6.5
-1.5 6.5 -1.5 3.5
-1.5 3.5 -0.5 3.5
-0.5 3.5 1.5 1.5
1.5 1.5 -1 1.5
-1 1.5 -1 -1.5
-1 -1.5 1.5 -0.5
1.5 -0.5 3.5 -0.5
3.5 -0.5 3.5 3.5
-0.125 -0.125 0.125 0.375
0.125 0.375 0.125 0.875
0.125 0.875 -0.125 -0.125
2 0 2 1
2 1 3 3
3 3 3 4
3 4 5 5
5 5 2 5
2 5 2 4
2 4 0 2
0 2 0 4.5
0 4.5 -3 4.5
-3 4.5 -2 2
-2 2 -2 0
-2 0 2 0
12 0 12 1
12 1 13 3
13 3 13 4
13 4 15 5
15 5 12 5
12 5 12 4
12 4 10 2
10 2 10 4.5
10 4.5 7 4.5
7 4.5 8 2
8 2 8 0
8 0 12 0
-0.5 0.5 0 0.25
0 0.25 0.5 0.25
0.5 0.25 -0.5 0.5
3.5 3.5 2.5 3.5
2.5 3.5 0.5 4.5
0.5 4.5 -0.5 4.5
-0.5 4.5 -1.5 6.5
-1.5 6.5 -1.5 3.5
-1.5 3.5 -0.5 3.5
-0.5 3.5 1.5 1.5
1.5 1.5 -1 1.5
-1 1.5 -1 -1.5
-1 -1.5 1.5 -0.5
1.5 -0.5 3.5 -0.5
3.5 -0.5 3.5 3.5
-0.125 -0.125 0.125 0.375
0.125 0.375 0.125 0.875
0.125 0.875 -0.125 -0.125
2 0 2 1
2 1 3 3
3 3 3 4
3 4 5 5
5 5 2 5
2 5 2 4
2 4 0 2
0 2 0 4.5
0 4.5 -3 4.5
-3 4.5 -2 2
-2 2 -2 0
-2 0 2 0
12 0 12 1
12 1 13 3
13 3 13 4
13 4 15 5
15 5 12 5
12 5 12 4
12 4 10 2
10 2 10 4.5
10 4.5 7 4.5
7 4.5 8 2
8 2 8 0
8 0 12 0
-0.5 0.5 0 0.25
0 0.25 0.5 0.25
0.5 0.25 -0.5 0.5
3.5 3.5 2.5 3.5
2.5 3.5 0.5 4.5
0.5 4.5 -0.5 4.5
-0.5 4.5 -1.5 6.5
-1.5 6.5 -1.5 3.5
-1.5 3.5 -0.5 3.5
-0.5 3.5 1.5 1.5
1.5 1.5 -1 1.5
-1 1.5 -1 -1.5
-1 -1.5 1.5 -0.5
1.5 -0.5 3.5 -0.5
3.5 -0.5 3.5 3.5
-0.125 -0.125 0.125 0.375
0.125 0.375 0.125 0.875
0.125 0.875 -0.125 -0.125
2 0 2 1
2 1 3 3
3 3 3 4
3 4 5 5
5 5 2 5
2 5 2 4
2 4 0 2
0 2 0 4.5
0 4.5 -3 4.5
-3 4.5 -2 2
-2 2 -2 0
-2 0 2 0
12 0 12 1
12 1 13 3
13 3 13 4
13 4 15 5
15 5 12 5
12 5 12 4
12 4 10 2
10 2 10 4.5
10 4.5 7 4.5
7 4.5 8 2
8 2 8 0
8 0 12 0
-0.5 0.5 0 0.25
0 0.25 0.5 0.25
0.5 0.25 -0.5 0.5
3.5 3.5 2.5 3.5
2.5 3.5 0.5 4.5
0.5 4.5 -0.5 4.5
-0.5 4.5 -1.5 6.5
-1.5 6.5 -1.5 3.5
-1.5 3.5 -0.5 3.5
-0.5 3.5 1.5 1.5
1.5 1.5 -1 1.5
-1 1.5 -1 -1.5
-1 -1.5 1.5 -0.5
1.5 -0.5 3.5 -0.5
3.5 -0.5 3.5 3.5
-0.125 -0.125 0.125 0.375
0.125 0.375 0.125 0.875
0.125 0.875 -0.125 -0.125
2 0 2 1
2 1 3 3
3 3 3 4
3 4 5 5
5 5 2 5
2 5 2 4
2 4 0 2
0 2 0 4.5
0 4.5 -3 4.5
-3 4.5 -2 2
-2 2 -2 0
-2 0 2 0
12 0 12 1
12 1 13 3
13 3 13 4
13 4 15 5
15 5 12 5
12 5 12 4
12 4 10 2
10 2 10 4.5
10 4.5 7 4.5
7 4.5 8 2
8 2 8 0
8 0 12 0
-0.5 -0.5 -0.25 0
-0.25 0 -0.25 0.5
-0.25 0.5 -0.5 -0.5
3.5 3.5 2.5 3.5
2.5 3.5 0.5 4.5
0.5 4.5 -0.5 4.5
-0.5 4.5 -1.5 6.5
-1.5 6.5 -1.5 3.5
-1.5 3.5 -0.5 3.5
-0.5 3.5 1.5 1.5
1.5 1.5 -1 1.5
-1 1.5 -1 -1.5
-1 -1.5 1.5 -0.5
1.5 -0.5 3.5 -0.5
3.5 -0.5 3.5 3.5
0.25 -0.25 -0.25 0
-0.25 0 -0.75 0
-0.75 0 0.25 -0.25
2 0 2 1
2 1 3 3
3 3 3 4
3 4 5 5
5 5 2 5
2 5 2 4
2 4 0 2
0 2 0 4.5
0 4.5 -3 4.5
-3 4.5 -2 2
-2 2 -2 0
-2 0 2 0
12 0 12 1
12 1 13 3
13 3 13 4
13 4 15 5
15 5 12 5
12 5 12 4
12 4 10 2
10 2 10 4.5
10 4.5 7 4.5
7 4.5 8 2
8 2 8 0
8 0 12 0
-0.5 -0.5 -0.25 0
-0.25 0 -0.25 0.5
-0.25 0.5 -0.5 -0.5
3.5 3.5 2.5 3.5
2.5 3.5 0.5 4.5
0.5 4.5 -0.5 4.5
-0.5 4.5 -1.5 6.5
-1.5 6.5 -1.5 3.5
-1.5 3.5 -0.5 3.5
-0.5 3.5 1.5 1.5
1.5 1.5 -1 1.5
-1 1.5 -1 -1.5
-1 -1.5 1.5 -0.5
1.5 -0.5 3.5 -0.5
3.5 -0.5 3.5 3.5
0.25 -0.25 -0.25 0
-0.25 0 -0.75 0
-0.75 0 0.25 -0.25
2 0 2 1
2 1 3 3
3 3 3 4
3 4 5 5
5 5 2 5
2 5 2 4
2 4 0 2
0 2 0 4.5
0 4.5 -3 4.5
-3 4.5 -2 2
-2 2 -2 0
-2 0 2 0
12 0 12 1
12 1 13 3
13 3 13 4
13 4 15 5
15 5 12 5
12 5 12 4
12 4 10 2
10 2 10 4.5
10 4.5 7 4.5
7 4.5 8 2
8 2 8 0
8 0 12 0
-0.5 -0.5 -0.25 0
-0.25 0 -0.25 0.5
-0.25 0.5 -0.5 -0.5
3.5 3.5 2.5 3.5
2.5 3.5 0.5 4.5
0.5 4.5 -0.5 4.5
-0.5 4.5 -1.5 6.5
-1.5 6.5 -1.5 3.5
-1.5 3.5 -0.5 3.5
-0.5 3.5 1.5 1.5
1.5 1.5 -1 1.5
-1 1.5 -1 -1.5
-1 -1.5 1.5 -0.5
1.5 -0.5 3.5 -0.5
3.5 -0.5 3.5 3.5
0.25 -0.25 -0.25 0
-0.25 0 -0.75 0
-0.75 0 0.25 -0.25
2 0 2 1
2 1 3 3
3 3 3 4
3 4 5 5
5 5 2 5
2 5 2 4
2 4 0 2
0 2 0 4.5
0 4.5 -3 4.5
-3 4.5 -2 2
-2 2 -2 0
-2 0 2 0
12 0 12 1
12 1 13 3
13 3 13 4
13 4 15 5
15 5 12 5
12 5 12 4
12 4 10 2
10 2 10 4.5
10 4.5 7 4.5
7 4.5 8 2
8 2 8 0
8 0 12 0
-0.5 -0.5 -0.25 0
-0.25 0 -0.25 0.5
-0.25 0.5 -0.5 -0.5
3.5 3.5 2.5 3.5
2.5 3.5 0.5 4.5
0.5 4.5 -0.5 4.5
-0.5 4.5 -1.5 6.5
-1.5 6.5 -1.5 3.5
-1.5 3.5 -0.5 3.5
-0.5 3.5 1.5 1.5
1.5 1.5 -1 1.5
-1 1.5 -1 -1.5
-1 -1.5 1.5 -0.5
1.5 -0.5 3.5 -0.5
3.5 -0.5 3.5 3.5
0.25 -0.25 -0.25 0
-0.25 0 -0.75 0
-0.75 0 0.25 -0.25
2 0 2 1
2 1 3 3
3 3 3 4
3 4 5 5
5 5 2 5
2 5 2 4
2 4 0 2
0 2 0 4.5
0 4.5 -3 4.5
-3 4.5 -2 2
-2 2 -2 0
-2 0 2 0
12 0 12 1
12 1 13 3
13 3 13 4
13 4 15 5
15 5 12 5
12 5 12 4
12 4 10 2
10 2 10 4.5
10 4.5 7 4.5
7 4.5 8 2
8 2 8 0
8 0 12 0
-0.5 -0.5 -0.25 0
-0.25 0 -0.25 0.5
-0.25 0.5 -0.5 -0.5
3.5 3.5 2.5 3.5
2.5 3.5 0.5 4.5
0.5 4.5 -0.5 4.5
-0.5 4.5 -1.5 6.5
-1.5 6.5 -1.5 3.5
-1.5 3.5 -0.5 3.5
-0.5 3.5 1.5 1.5
1.5 1.5 -1 1.5
-1 1.5 -1 -1.5
-1 -1.5 1.5 -0.5
1.5 -0.5 3.5 -0.5
3.5 -0.5 3.5 3.5
0.25 -0.25 -0.25 0
-0.25 0 -0.75 0
-0.75 0 0.25 -0.25
2 0 2 1
2 1 3 3
3 3 3 4
3 4 5 5
5 5 2 5
2 5 2 4
2 4 0 2
0 2 0 4.5
0 4.5 -3 4.5
-3 4.5 -2 2
-2 2 -2 0
-2 0 2 0
12 0 12 1
12 1 13 3
13 3 13 4
13 4 15 5
15 5 12 5
12 5 12 4
12 4 10 2
10 2 10 4.5
10 4.5 7 4.5
7 4.5 8 2
8 2 8 0
8 0 12 0
-0.5 -0.5 -0.25 0
-0.25 0 -0.25 0.5
-0.25 0.5 -0.5 -0.5
3.5 3.5 2.5 3.5
2.5 3.5 0.5 4.5
0.5 4.5 -0.5 4.5
-0.5 4.5 -1.5 6.5
-1.5 6.5 -1.5 3.5
-1.5 3.5 -0.5 3.5
-0.5 3.5 1.5 1.5
1.5 1.5 -1 1.5
-1 1.5 -1 -1.5
-1 -1.5 1.5 -0.5
1.5 -0.5 3.5 -0.5
3.5 -0.5 3.5 3.5
0.25 -0.25 -0.25 0
-0.25 0 -0.75 0
-0.75 0 0.25 -0.25
2 0 2 1
2 1 3 3
3 3 3 4
3 4 5 5
5 5 2 5
2 5 2 4
2 4 0 2
0 2 0 4.5
0 4.5 -3 4.5
-3 4.5 -2 2
-2 2 -2 0
-2 0 2 0
12 0 12 1
12 1 13 3
13 3 13 4
13 4 15 5
15 5 12 5
12 5 12 4
12 4 10 2
10 2 10 4.5
10 4.5 7 4.5
7 4.5 8 2
8 2 8 0
8 0 12 0
-0.5 -0.5 -0.25 0
-0.25 0 -0.25 0.5
-0.25 0.5 -0.5 -0.5
3.5 3.5 2.5 3.5
2.5 3.5 0.5 4.5
0.5 4.5 -0.5 4.5
-0.5 4.5 -1.5 6.5
-1.5 6.5 -1.5 3.5
-1.5 3.5 -0.5 3.5
-0.5 3.5 1.5 1.5
1.5 1.5 -1 1.5
-1 1.5 -1 -1.5
-1 -1.5 1.5 -0.5
1.5 -0.5 3.5 -0.5
3.5 -0.5 3.5 3.5
0.25 -0.25 -0.25 0
-0.25 0 -0.75 0
-0.75 0 0.25 -0.25
